userIdA;userIdB;intersection;similarity;distanceJ;distanceCos;pearsonCorrelation
32004983;173446;[4896, 39715, 4388, 3785, 81834, 91500, 4718, 40815, 8368, 54001, 2706, 8531, 69844, 106487, 79702, 5816];0.0;0.0;0.0;0.6638604771044835
32004983;79621;[4896, 3785, 58025, 81834, 91500, 4718, 40815, 102993, 8368, 3409, 54001, 8531, 69844, 106487, 79702, 5816];0.0;0.0;0.0;0.6647448704251767
32004983;49285;[4896, 93831, 3785, 6058, 6379, 81834, 91500, 4718, 40815, 8368, 3409, 36401, 54001, 8531, 69844, 106487, 79702, 5816, 89470];0.0;0.0;0.0;0.6805808882629145
32004983;10758;[4896, 39715, 4388, 6888, 3785, 6379, 44972, 91500, 40815, 8368, 54001, 2706, 8531, 79702, 5816, 89470];0.0;0.0;0.0;0.6598244551266136
32004983;127494;[4896, 100163, 39715, 6888, 3785, 81834, 91500, 4718, 40815, 102993, 8368, 3409, 36401, 54001, 114707, 2706, 8531, 69844, 106487, 79702, 5816, 6586, 43679];0.0;0.0;0.0;0.7513074468391031
32004983;253323;[4896, 4388, 6888, 3785, 81834, 91500, 4718, 40815, 8368, 36401, 54001, 2706, 8531, 69844, 106487, 5816];0.0;0.0;0.0;0.736212758630398
32004983;231434;[4896, 4388, 6888, 3785, 81834, 91500, 4718, 40815, 102993, 8368, 54001, 2706, 8531, 69844, 106487, 79702, 5816, 6586];0.0;0.0;0.0;0.6648012472694038
32004983;40073;[4896, 39715, 4388, 170629, 6888, 3785, 58025, 81834, 91500, 4718, 40815, 8368, 3409, 54001, 114707, 2706, 8531, 163985, 69844, 106487, 79702, 5816, 6586];0.0;0.0;0.0;0.7473983720455392
32004983;114440;[4896, 4388, 93831, 3785, 58025, 81834, 91500, 4718, 40815, 8368, 54001, 2706, 69844, 106487, 79702, 5816, 6586, 89470];0.0;0.0;0.0;0.6659416782782054
32004983;127628;[4896, 39715, 4388, 59429, 93831, 6888, 3785, 6058, 81834, 91500, 50189, 4718, 40815, 8368, 3409, 54001, 2706, 73106, 69844, 106487, 5816, 6586, 43679];0.0;0.0;0.0;-0.7139996216327525
32004983;137997;[4896, 39715, 4388, 59429, 93831, 6888, 3785, 6058, 81834, 91500, 50189, 4718, 40815, 8368, 3409, 54001, 2706, 73106, 69844, 106487, 5816, 6586];0.0;0.0;0.0;-0.6759817073854458
32004983;26257;[4896, 39715, 59429, 93831, 3785, 81834, 91500, 50189, 4718, 40815, 102993, 8368, 54001, 114707, 2706, 69844, 106487, 79702, 5816, 6586];0.0;0.0;0.0;0.7987248184929686
32004983;182288;[4896, 4388, 3785, 58025, 81834, 91500, 4718, 76175, 40815, 8368, 3409, 54001, 2706, 106487, 79702, 5816];0.0;0.0;0.0;0.7160523156961411
32004983;124691;[4896, 39715, 4388, 6888, 3785, 58025, 6058, 81834, 91500, 4718, 40815, 8368, 3409, 54001, 2706, 69844, 106487, 79702, 5816, 6586, 43679];0.0;0.0;0.0;0.6922417835845558
32004983;239766;[4896, 4388, 3785, 58025, 81834, 91500, 4718, 76175, 40815, 8368, 36401, 54001, 2706, 8531, 69844, 106487, 79702, 5816];0.0;0.0;0.0;0.676720039759427
32004983;215829;[4896, 100163, 4388, 6888, 3785, 81834, 44972, 91500, 4718, 76175, 40815, 8368, 3409, 54001, 2706, 69844, 106487, 79702, 5816, 43679];0.0;0.0;0.0;0.6747018230335995
32004983;138516;[4896, 4388, 93831, 6888, 3785, 6058, 81834, 91500, 4718, 40815, 102993, 8368, 3409, 54001, 2706, 69844, 106487, 79702, 5816, 89470, 43679];0.0;0.0;0.0;0.6890471738092038
32004983;229780;[4896, 100163, 4388, 6888, 3785, 58025, 81834, 91500, 4718, 76175, 40815, 8368, 36401, 54001, 2706, 69844, 106487, 5816, 6586];0.0;0.0;0.0;0.6741389637883627
32004983;73496;[4896, 39715, 4388, 6888, 3785, 58025, 81834, 91500, 4718, 40815, 8368, 3409, 54001, 2706, 69844, 5816];0.0;0.0;0.0;0.7242687055072944
32004983;79770;[4896, 39715, 3785, 58025, 81834, 91500, 50189, 4718, 40815, 8368, 54001, 8531, 69844, 5816, 6586, 89470];0.0;0.0;0.0;0.7226645295428454
32004983;262809;[4896, 144482, 39715, 93831, 170629, 3785, 81834, 91500, 4718, 40815, 8368, 54001, 69844, 106487, 5816, 89470];0.0;0.0;0.0;0.8582187094938041
32004983;208797;[4896, 39715, 3785, 58025, 81834, 91500, 4718, 40815, 8368, 3409, 54001, 2706, 8531, 69844, 106487, 79702, 5816];0.0;0.0;0.0;0.7460113786622808
32004983;268315;[4896, 100163, 4388, 6888, 3785, 58025, 6058, 81834, 91500, 76175, 40815, 8368, 3409, 36401, 54001, 2706, 69844, 106487, 5816, 43679];0.0;0.0;0.0;0.6776255690280956
32004983;124577;[4896, 39715, 93831, 3785, 58025, 6058, 81834, 163118, 91500, 50189, 4718, 76175, 40815, 8368, 54001, 2706, 69844, 106487, 79702, 5816, 6586, 89470];0.0;0.0;0.0;0.7319776861508429
32004983;83492;[4896, 100163, 39715, 4388, 93831, 3785, 81834, 44972, 91500, 50189, 4718, 40815, 8368, 36401, 54001, 8531, 69844, 106487, 5816];0.0;0.0;0.0;0.6861725605435498
32004983;193444;[4896, 100163, 3785, 58025, 81834, 91500, 4718, 40815, 8368, 36401, 54001, 2706, 69844, 106487, 79702, 5816];0.0;0.0;0.0;0.6601984699828436
32004983;251172;[4896, 4388, 6888, 58025, 6058, 81834, 91500, 4718, 40815, 8368, 3409, 54001, 69844, 106487, 79702, 5816, 6586];0.0;0.0;0.0;0.7111593819875863
32004983;231339;[4896, 4388, 6888, 3785, 58025, 6058, 81834, 91500, 40815, 8368, 3409, 54001, 2706, 69844, 106487, 5816, 6586, 89470];0.0;0.0;0.0;0.6615968845984976
32004983;146089;[4896, 4388, 6888, 3785, 58025, 6058, 81834, 91500, 4718, 40815, 8368, 3409, 36401, 54001, 69844, 106487, 5816, 6586];0.0;0.0;0.0;0.7051590991709661
32004983;267560;[4896, 39715, 4388, 59014, 6888, 3785, 58025, 81834, 91500, 40815, 102993, 8368, 54001, 8531, 69844, 106487, 79702, 5816];0.0;0.0;0.0;0.6890698955490289
32004983;14253;[4896, 3785, 58025, 81834, 91500, 4718, 40815, 102993, 8368, 3409, 36401, 54001, 2706, 69844, 106487, 79702, 5816];0.0;0.0;0.0;0.6728136309572939
32004983;127153;[4896, 4388, 6888, 3785, 81834, 91500, 4718, 40815, 8368, 3409, 54001, 2706, 69844, 106487, 79702, 5816, 89470];0.0;0.0;0.0;0.7414846239212158
32004983;1846;[4896, 4388, 6888, 3785, 81834, 91500, 40815, 8368, 3409, 36401, 54001, 2706, 69844, 106487, 79702, 5816, 89470];0.0;0.0;0.0;0.6502643713202291
32004983;126523;[4896, 4388, 3785, 81834, 91500, 4718, 40815, 8368, 3409, 54001, 2706, 69844, 106487, 79702, 5816, 6586];0.0;0.0;0.0;0.6503020672937455
32004983;32956;[4896, 4388, 3785, 58025, 81834, 91500, 4718, 40815, 3409, 54001, 2706, 69844, 106487, 79702, 5816, 6586];0.0;0.0;0.0;0.834589789132611
32004983;178622;[4896, 144482, 4388, 6888, 3785, 6058, 81834, 91500, 4718, 40815, 8368, 3409, 36401, 54001, 114707, 2706, 69844, 106487, 5816, 6586, 43679];0.0;0.0;0.0;0.6504880466917263
32004983;123581;[4896, 39715, 3785, 81834, 91500, 50189, 4718, 40815, 102993, 8368, 54001, 69844, 106487, 79702, 5816, 6586];0.0;0.0;0.0;0.6677287393749347
32004983;131133;[4896, 4388, 6888, 3785, 6058, 81834, 91500, 4718, 40815, 8368, 3409, 54001, 2706, 69844, 106487, 5816];0.0;0.0;0.0;0.7190393717445847
32004983;68158;[4896, 100163, 93831, 170629, 58025, 81834, 91500, 4718, 76175, 40815, 102993, 8368, 36401, 54001, 2706, 69844, 106487, 79702, 5816];0.0;0.0;0.0;0.7193720329775779
32004983;92992;[4896, 100163, 6888, 3785, 58025, 6058, 81834, 91500, 4718, 40815, 8368, 3409, 54001, 114707, 2706, 69844, 106487, 79702, 5816, 6586, 43679];0.0;0.0;0.0;0.7302815451311454
32004983;239554;[4896, 4388, 6888, 3785, 58025, 6058, 81834, 91500, 4718, 40815, 8368, 3409, 54001, 2706, 69844, 106487, 79702, 5816, 6586];0.0;0.0;0.0;0.7225954945897465
32004983;213057;[4896, 39715, 4388, 88932, 6888, 3785, 6379, 81834, 91500, 4718, 40815, 8368, 3409, 54001, 2706, 8531, 69844, 106487, 5816, 6586, 43679];0.0;0.0;0.0;0.6919434638691019
32004983;97347;[4896, 39715, 4388, 6888, 3785, 81834, 91500, 4718, 76175, 40815, 8368, 3409, 54001, 2706, 69844, 106487, 5816, 6586, 89470];0.0;0.0;0.0;0.6842886843484124
32004983;125762;[4896, 100163, 88932, 93831, 3785, 6058, 81834, 91500, 4718, 40815, 8368, 54001, 2706, 69844, 106487, 5816, 6586, 43679];0.0;0.0;0.0;0.7214871964587128
32004983;141892;[4896, 4388, 93831, 6888, 3785, 58025, 81834, 91500, 4718, 40815, 102993, 8368, 54001, 69844, 106487, 79702, 5816];0.0;0.0;0.0;0.8371649574362942
32004983;31430;[4896, 4388, 6888, 3785, 58025, 81834, 91500, 4718, 40815, 8368, 3409, 54001, 2706, 69844, 106487, 5816];0.0;0.0;0.0;0.7106762952891488
32004983;207940;[4896, 39715, 4388, 6888, 3785, 81834, 91500, 40815, 8368, 3409, 36401, 54001, 2706, 69844, 106487, 79702, 5816];0.0;0.0;0.0;0.7927055704634074
32004983;121034;[4896, 3785, 6058, 81834, 91500, 4718, 40815, 8368, 3409, 54001, 2706, 69844, 106487, 79702, 5816, 6586, 89470, 43679];0.0;0.0;0.0;0.6736064138682353
32004983;10573;[4896, 4388, 6888, 3785, 58025, 81834, 4718, 40815, 8368, 3409, 36401, 54001, 69844, 5816, 6586, 89470];0.0;0.0;0.0;0.7610793316375354
32004983;212173;[4388, 59014, 6888, 3785, 91500, 4718, 40815, 8368, 36401, 54001, 73106, 8531, 69844, 106487, 5816, 6586];0.0;0.0;0.0;0.6508166735259282
32004983;85070;[4896, 4388, 6888, 3785, 81834, 91500, 4718, 40815, 8368, 54001, 2706, 69844, 106487, 79702, 5816, 89470];0.0;0.0;0.0;0.6883144439236043
32004983;1104;[4896, 100163, 6888, 81834, 91500, 4718, 76175, 40815, 8368, 3409, 36401, 54001, 2706, 69844, 106487, 79702, 5816, 6586];0.0;0.0;0.0;0.6564359310388873
32004983;239952;[4896, 39715, 4388, 6888, 3785, 58025, 81834, 91500, 4718, 76175, 40815, 102993, 8368, 36401, 54001, 114707, 2706, 69844, 106487, 79702, 5816, 89470];0.0;0.0;0.0;0.6757588048857502
32004983;136529;[4896, 6888, 3785, 81834, 91500, 4718, 40815, 8368, 3409, 36401, 54001, 2706, 69844, 79702, 5816, 6586];0.0;0.0;0.0;0.6539106455412235
32004983;114773;[4896, 4388, 6888, 3785, 6058, 81834, 91500, 4718, 40815, 8368, 3409, 54001, 2706, 69844, 5816, 6586, 43679];0.0;0.0;0.0;0.695118238794978
32004983;232022;[4896, 6888, 3785, 81834, 91500, 50189, 4718, 40815, 8368, 3409, 54001, 8531, 69844, 106487, 79702, 5816, 6586];0.0;0.0;0.0;0.7418513177447554
32004983;101846;[4896, 39715, 93831, 81834, 91500, 4718, 76175, 40815, 8368, 54001, 2706, 73106, 69844, 106487, 79702, 5816, 6586];0.0;0.0;0.0;0.6652117605857508
32004983;196061;[93831, 3785, 76175, 3409, 2706, 69844, 79702, 43679, 4896, 39715, 4388, 6888, 58025, 6058, 6379, 81834, 44972, 91500, 4718, 40815, 8368, 54001, 106487, 5816, 6586];0.0;0.0;0.0;0.6757502070719609
32004983;62816;[4896, 4388, 6888, 3785, 58025, 6058, 6379, 4718, 40815, 8368, 3409, 54001, 2706, 69844, 5816, 43679];0.0;0.0;0.0;0.6505288219403768
32004983;242144;[4896, 4388, 59014, 6888, 3785, 58025, 81834, 91500, 4718, 40815, 102993, 8368, 36401, 54001, 2706, 8531, 69844, 106487, 79702, 5816, 6586];0.0;0.0;0.0;0.7311713057437732
32004983;27493;[4896, 3785, 58025, 81834, 101997, 91500, 4718, 40815, 8368, 3409, 54001, 73106, 69844, 106487, 79702, 5816];0.0;0.0;0.0;0.6729368079517973
32004983;235110;[4896, 100163, 4388, 6888, 3785, 58025, 81834, 91500, 4718, 40815, 8368, 3409, 54001, 69844, 106487, 5816, 6586];0.0;0.0;0.0;0.7373759822568129
32004983;215908;[4896, 4388, 3785, 58025, 6058, 81834, 91500, 4718, 40815, 102993, 8368, 3409, 36401, 54001, 69844, 106487, 5816];0.0;0.0;0.0;0.7116038504211644
32004983;184554;[4896, 170629, 3785, 58025, 6379, 81834, 91500, 76175, 40815, 102993, 8368, 3409, 54001, 8531, 69844, 106487, 79702, 5816, 89470];0.0;0.0;0.0;0.6521237945843383
32004983;12009;[4896, 4388, 3785, 58025, 6058, 81834, 91500, 4718, 40815, 102993, 8368, 3409, 36401, 54001, 2706, 69844, 106487, 79702, 5816, 89470, 43679];0.0;0.0;0.0;0.6525138604743732
32004983;139758;[4896, 4388, 6888, 3785, 6058, 81834, 91500, 4718, 76175, 40815, 8368, 3409, 54001, 2706, 69844, 79702, 5816, 6586];0.0;0.0;0.0;0.6811985536832845
32004983;130412;[4896, 39715, 6888, 3785, 6058, 6379, 91500, 50189, 4718, 40815, 102993, 3409, 36401, 54001, 8531, 106487, 5816, 6586, 89470, 43679];0.0;0.0;0.0;0.7890283798315554
32004983;230894;[4896, 3785, 6058, 81834, 91500, 4718, 40815, 8368, 3409, 54001, 2706, 69844, 106487, 5816, 6586, 89470, 43679];0.0;0.0;0.0;0.661056809756169
32004983;224621;[4896, 4388, 93831, 3785, 58025, 81834, 91500, 4718, 40815, 8368, 3409, 54001, 2706, 8531, 106487, 79702, 5816, 6586, 89470];0.0;0.0;0.0;-0.7192103534806082
32004983;69870;[100163, 39715, 88932, 93831, 3785, 81834, 91500, 50189, 4718, 40815, 8368, 3409, 54001, 2706, 73106, 8531, 69844, 106487, 5816, 6586];0.0;0.0;0.0;0.6554330241843491
32004983;235884;[4896, 144482, 39715, 58025, 81834, 91500, 76175, 40815, 102993, 8368, 36401, 54001, 114707, 8531, 69844, 106487, 79702, 5816, 89470];0.0;0.0;0.0;0.6612620769097524
32004983;124400;[4896, 4388, 6888, 3785, 58025, 81834, 91500, 4718, 40815, 102993, 8368, 54001, 2706, 69844, 106487, 5816, 6586, 89470];0.0;0.0;0.0;0.6570091504579088
32004983;218864;[4896, 4388, 6888, 3785, 81834, 91500, 40815, 8368, 3409, 36401, 54001, 2706, 69844, 106487, 79702, 5816, 89470];0.0;0.0;0.0;0.6502643713202291
32004983;222839;[4896, 4388, 6888, 3785, 58025, 6058, 81834, 91500, 4718, 40815, 8368, 3409, 36401, 54001, 2706, 8531, 69844, 106487, 79702, 5816, 6586];0.0;0.0;0.0;0.7561812080691988
32004983;49525;[4896, 6888, 3785, 81834, 91500, 4718, 40815, 8368, 36401, 54001, 2706, 8531, 69844, 106487, 5816, 6586];0.0;0.0;0.0;0.6551102958459362
32004983;244596;[4896, 39715, 58025, 81834, 91500, 50189, 4718, 40815, 8368, 54001, 2706, 8531, 69844, 106487, 5816, 6586];0.0;0.0;0.0;0.7061365130631919
32004983;206459;[4896, 4388, 6888, 81834, 91500, 4718, 40815, 8368, 36401, 54001, 2706, 69844, 106487, 79702, 5816, 6586];0.0;0.0;0.0;0.6714401565545112
32004983;204539;[4896, 4388, 6888, 3785, 58025, 81834, 91500, 76175, 40815, 8368, 36401, 54001, 69844, 106487, 79702, 5816];0.0;0.0;0.0;0.7185416144294273
32004983;222072;[4896, 100163, 4388, 3785, 58025, 6379, 81834, 91500, 4718, 76175, 40815, 8368, 36401, 54001, 2706, 69844, 106487, 79702, 5816, 6586, 89470];0.0;0.0;0.0;0.6578052906803963
32004983;109052;[4896, 4388, 59014, 6888, 3785, 81834, 91500, 4718, 40815, 8368, 3409, 54001, 2706, 69844, 79702, 5816, 89470];0.0;0.0;0.0;0.6789398099905631
32004983;150781;[4896, 100163, 39715, 93831, 6888, 81834, 91500, 4718, 40815, 102993, 8368, 3409, 36401, 54001, 114707, 2706, 69844, 106487, 79702, 6586];0.0;0.0;0.0;0.6899243618254188
