userIdA;userIdB;intersection;similarity;distanceJ;distanceCos;pearsonCorrelation
72968123;26117;[4896, 5952, 4993, 260, 60069, 2571, 81834, 1196, 40815, 8368, 54001, 7153, 69844, 6934, 50872, 5816, 88125];0.0;0.0;0.0;0.8878557738560662
72968123;59910;[4896, 5952, 4993, 60069, 72998, 2571, 81834, 40815, 8368, 54001, 7153, 69844, 117529, 5816, 88125];0.0;0.0;0.0;0.7400822342481448
72968123;91654;[4896, 5952, 5378, 260, 2628, 72998, 2571, 81834, 1196, 40815, 8368, 54001, 7153, 33493, 69844, 5816];0.0;0.0;0.0;-0.6844597694121828
72968123;262668;[4896, 5952, 4993, 260, 60069, 72998, 2571, 81834, 1196, 40815, 54001, 7153, 69844, 117529, 50872, 5816, 1210, 88125];0.0;0.0;0.0;0.8507860688690188
72968123;258570;[4896, 5952, 4993, 5378, 260, 2628, 60069, 72998, 81834, 1196, 40815, 8368, 54001, 7153, 33493, 69844, 117529, 50872, 5816, 1210, 88125];0.0;0.0;0.0;0.689111668859605
72968123;6160;[4896, 5952, 4993, 5378, 260, 60069, 72998, 2571, 81834, 1196, 40815, 8368, 54001, 7153, 69844, 117529, 50872, 5816, 1210, 88125];0.0;0.0;0.0;-0.6600920481340786
72968123;107026;[4896, 5952, 4993, 5378, 260, 2628, 60069, 34150, 2571, 1196, 40815, 8368, 54001, 7153, 33493, 69844, 7254, 6934, 50872, 5816, 1210];0.0;0.0;0.0;0.6666791356831493
72968123;72214;[4896, 5952, 4993, 260, 2628, 2571, 1196, 40815, 8368, 54001, 7153, 33493, 7254, 6934, 5816, 1210];0.0;0.0;0.0;0.7478018360992662
72968123;14359;[4896, 5952, 4993, 5378, 260, 2628, 60069, 2571, 1196, 8368, 7153, 33493, 6934, 50872, 5816, 1210];0.0;0.0;0.0;0.6729515516630212
72968123;167451;[4896, 5952, 4993, 260, 60069, 72998, 2571, 81834, 1196, 40815, 8368, 54001, 7153, 33493, 69844, 6934, 5816, 1210, 88125];0.0;0.0;0.0;0.740082674840439
72968123;85531;[4896, 5952, 4993, 60069, 2571, 81834, 1196, 40815, 8368, 54001, 7153, 69844, 50872, 5816, 1210, 88125];0.0;0.0;0.0;0.7066903817340757
72968123;258073;[4896, 5952, 4993, 5378, 260, 2628, 60069, 2571, 81834, 1196, 40815, 8368, 7153, 33493, 69844, 7254, 6934, 50872, 1210];0.0;0.0;0.0;0.7719244332182922
72968123;131617;[4896, 5952, 4993, 260, 2628, 60069, 2571, 1196, 1997, 40815, 8368, 54001, 7153, 6934, 50872, 5816, 1210];0.0;0.0;0.0;0.702752654261749
72968123;204839;[5952, 4993, 5378, 260, 2628, 34150, 2571, 1196, 1997, 40815, 7153, 33493, 6934, 5816, 1210];0.0;0.0;0.0;0.7279924193004237
72968123;95269;[4896, 5952, 4993, 5378, 260, 2628, 60069, 34150, 2571, 1196, 40815, 8368, 7153, 33493, 7254, 6934, 5816, 1210];0.0;0.0;0.0;0.6511907226330114
72968123;12326;[4896, 5952, 4993, 60069, 34150, 72998, 2571, 81834, 40815, 8368, 54001, 7153, 69844, 7254, 50872, 5816, 88125];0.0;0.0;0.0;0.6921480838810078
72968123;209449;[4896, 5952, 4993, 60069, 34150, 72998, 2571, 81834, 1196, 40815, 8368, 54001, 7153, 69844, 7254, 6934, 117529, 50872, 53464, 5816, 88125];0.0;0.0;0.0;0.6710222318781583
72968123;180783;[4896, 5952, 4993, 5378, 260, 2628, 60069, 72998, 2571, 81834, 1196, 40815, 8368, 54001, 7153, 33493, 69844, 50872, 5816, 1210, 88125];0.0;0.0;0.0;-0.7046043180070973
72968123;233006;[4896, 5952, 4993, 5378, 260, 2628, 60069, 34150, 72998, 2571, 1196, 40815, 8368, 7153, 33493, 7254, 6934, 50872, 5816, 1210];0.0;0.0;0.0;0.6778104041015901
72968123;249388;[4896, 5952, 4993, 260, 60069, 72998, 2571, 1196, 8368, 7153, 33493, 7254, 6934, 50872, 88125];0.0;0.0;0.0;0.7530173281043497
72968123;252466;[4896, 5952, 4993, 5378, 60069, 72998, 2571, 81834, 40815, 8368, 54001, 7153, 33493, 50872, 53464, 88125];0.0;0.0;0.0;0.7537333136193948
72968123;209458;[5952, 4993, 260, 72998, 2571, 81834, 1196, 40815, 8368, 54001, 7153, 33493, 69844, 6934, 5816, 88125];0.0;0.0;0.0;0.8072775911429181
72968123;112179;[4896, 5952, 4993, 5378, 260, 2628, 72998, 81834, 1196, 40815, 8368, 54001, 7153, 33493, 69844, 5816, 1210, 88125];0.0;0.0;0.0;-0.7072908099517143
72968123;125498;[4896, 5952, 4993, 72998, 81834, 40815, 8368, 54001, 7153, 69844, 7254, 117529, 50872, 5816, 88125];0.0;0.0;0.0;-0.757640719919512
72968123;244280;[4896, 5952, 4993, 5378, 260, 2628, 72998, 2571, 1196, 40815, 8368, 54001, 7153, 33493, 6934, 5816, 1210];0.0;0.0;0.0;0.6575161748775069
72968123;156735;[4896, 5952, 4993, 5378, 260, 60069, 34150, 2571, 1196, 8368, 7153, 33493, 69844, 6934, 50872, 5816, 1210, 88125];0.0;0.0;0.0;0.7066956581744248
72968123;97852;[4896, 5952, 4993, 260, 60069, 2571, 81834, 1196, 1997, 40815, 7153, 69844, 50872, 53464, 5816, 1210];0.0;0.0;0.0;0.812346282642332
72968123;161347;[4896, 5952, 4993, 34150, 72998, 2571, 81834, 40815, 54001, 7153, 69844, 50872, 53464, 5816, 88125];0.0;0.0;0.0;0.7130379091821027
72968123;2114;[4896, 5952, 4993, 5378, 260, 60069, 72998, 2571, 81834, 1196, 40815, 8368, 54001, 7153, 33493, 69844, 7254, 6934, 50872, 5816, 1210, 88125];0.0;0.0;0.0;0.7392041364999923
72968123;102470;[4896, 5952, 4993, 60069, 34150, 72998, 2571, 81834, 40815, 8368, 54001, 7153, 69844, 50872, 53464, 5816];0.0;0.0;0.0;0.7034517542060676
72968123;193605;[4896, 5952, 4993, 5378, 260, 2628, 60069, 72998, 2571, 1196, 1997, 40815, 8368, 7153, 33493, 6934, 50872, 5816, 1210];0.0;0.0;0.0;0.8475036742102131
72968123;140363;[5952, 4993, 260, 2628, 60069, 72998, 2571, 81834, 1196, 1997, 7153, 6934, 50872, 53464, 1210, 88125];0.0;0.0;0.0;0.7016368843366287
72968123;248905;[4896, 5952, 4993, 260, 2571, 81834, 1196, 40815, 8368, 54001, 7153, 69844, 5816, 1210, 88125];0.0;0.0;0.0;0.6981241325882919
72968123;188493;[4896, 5952, 4993, 5378, 260, 2628, 60069, 2571, 1196, 8368, 7153, 33493, 69844, 7254, 6934, 5816, 1210];0.0;0.0;0.0;0.6790320373408002
72968123;26199;[4896, 5952, 4993, 260, 2571, 1196, 1997, 40815, 8368, 54001, 7153, 33493, 6934, 50872, 5816, 1210];0.0;0.0;0.0;0.6520944297459148
72968123;232025;[4896, 5952, 4993, 5378, 260, 2628, 2571, 81834, 1196, 40815, 8368, 7153, 69844, 5816, 1210, 88125];0.0;0.0;0.0;0.6679410349038765
72968123;130139;[4896, 5952, 4993, 5378, 60069, 72998, 2571, 1196, 40815, 7153, 33493, 7254, 6934, 50872, 1210];0.0;0.0;0.0;0.8065324999991446
72968123;168540;[4896, 5952, 4993, 260, 2628, 60069, 72998, 2571, 81834, 1196, 40815, 8368, 54001, 7153, 33493, 69844, 6934, 117529, 50872, 5816, 1210, 88125];0.0;0.0;0.0;0.7892274100118812
72968123;222304;[4896, 5952, 4993, 5378, 260, 2628, 2571, 1196, 40815, 8368, 7153, 33493, 6934, 5816, 1210];0.0;0.0;0.0;0.7085228310064469
72968123;268385;[4896, 5952, 4993, 5378, 260, 2628, 34150, 2571, 1196, 1997, 40815, 8368, 7153, 33493, 6934, 5816, 1210];0.0;0.0;0.0;0.7283670226024372
72968123;111720;[4896, 5952, 4993, 260, 60069, 2571, 81834, 1196, 40815, 8368, 54001, 7153, 33493, 69844, 6934, 50872, 5816];0.0;0.0;0.0;0.7136469753226955
72968123;195177;[5952, 4993, 5378, 260, 2628, 34150, 2571, 1196, 1997, 7153, 33493, 7254, 6934, 53464, 1210];0.0;0.0;0.0;0.7051003440900616
72968123;153204;[4896, 5952, 4993, 60069, 72998, 2571, 81834, 40815, 8368, 54001, 7153, 69844, 7254, 6934, 117529, 50872, 5816, 88125];0.0;0.0;0.0;0.7115658344042984
72968123;59000;[4896, 5952, 4993, 5378, 260, 2628, 2571, 1196, 1997, 8368, 7153, 33493, 6934, 5816, 1210];0.0;0.0;0.0;0.8158296532464462
72968123;13945;[4896, 5952, 4993, 260, 60069, 34150, 72998, 2571, 81834, 1196, 7153, 33493, 6934, 50872, 1210];0.0;0.0;0.0;0.6872382102542541
72968123;244346;[4896, 5952, 4993, 5378, 2628, 60069, 72998, 2571, 81834, 40815, 7153, 7254, 6934, 50872, 5816];0.0;0.0;0.0;0.7386956086785063
72968123;148601;[4896, 5952, 4993, 72998, 81834, 40815, 8368, 54001, 7153, 69844, 7254, 117529, 50872, 5816, 88125];0.0;0.0;0.0;-0.7207063651723324
72968123;203384;[4896, 5952, 4993, 5378, 260, 60069, 2571, 1196, 1997, 40815, 8368, 54001, 7153, 33493, 69844, 7254, 6934, 50872, 1210, 88125];0.0;0.0;0.0;0.6536446166182523
72968123;228991;[4896, 5952, 4993, 5378, 260, 2628, 60069, 34150, 72998, 2571, 1196, 40815, 8368, 54001, 7153, 33493, 6934, 5816, 1210];0.0;0.0;0.0;0.6530879537421097
72968123;253564;[4896, 5952, 4993, 5378, 260, 72998, 2571, 81834, 40815, 8368, 54001, 7153, 69844, 5816, 88125];0.0;0.0;0.0;-0.7153704156035772
72968123;189565;[4896, 5952, 4993, 5378, 260, 2628, 34150, 2571, 1196, 8368, 7153, 33493, 7254, 6934, 50872, 1210];0.0;0.0;0.0;0.746033245416484
72968123;21639;[4896, 5952, 4993, 5378, 260, 2628, 60069, 34150, 72998, 2571, 1196, 40815, 8368, 54001, 7153, 33493, 69844, 6934, 50872, 53464, 5816, 1210];0.0;0.0;0.0;0.6520136753045725
72968123;71819;[5952, 4993, 5378, 260, 2628, 2571, 33493, 69844, 7254, 6934, 53464, 4896, 60069, 34150, 72998, 81834, 1196, 40815, 8368, 54001, 7153, 50872, 5816, 1210, 88125];0.0;0.0;0.0;0.6689227173825977
72968123;253577;[5952, 4993, 260, 60069, 72998, 2571, 81834, 1196, 54001, 7153, 69844, 7254, 50872, 1210, 88125];0.0;0.0;0.0;0.689691716835618
72968123;91275;[5952, 4993, 260, 60069, 72998, 2571, 1196, 40815, 8368, 54001, 7153, 69844, 7254, 6934, 50872, 5816, 1210, 88125];0.0;0.0;0.0;0.6702305286783147
72968123;215176;[4896, 5952, 4993, 5378, 260, 2628, 60069, 72998, 2571, 81834, 40815, 8368, 159858, 54001, 7153, 33493, 69844, 6934, 5816, 1210, 88125];0.0;0.0;0.0;0.7010424451639459
72968123;117393;[4896, 5952, 4993, 260, 60069, 72998, 2571, 81834, 1196, 40815, 8368, 54001, 7153, 33493, 69844, 50872, 5816, 1210, 88125];0.0;0.0;0.0;0.7286493440302965
72968123;153747;[4896, 5952, 4993, 5378, 260, 2628, 2571, 1196, 40815, 8368, 7153, 33493, 6934, 5816, 1210];0.0;0.0;0.0;0.6699713227938756
72968123;244882;[4896, 5952, 4993, 5378, 260, 2628, 2571, 1196, 40815, 8368, 7153, 33493, 6934, 5816, 1210];0.0;0.0;0.0;0.7053104072966012
72968123;163472;[4896, 5952, 4993, 5378, 260, 2628, 60069, 34150, 72998, 2571, 81834, 1196, 40815, 8368, 7153, 33493, 69844, 7254, 117529, 50872, 53464, 5816, 1210, 88125];0.0;0.0;0.0;0.7302207479159578
72968123;198288;[4896, 5952, 4993, 5378, 260, 2628, 60069, 2571, 81834, 1196, 40815, 8368, 54001, 7153, 69844, 5816, 1210, 88125];0.0;0.0;0.0;-0.7115736890901446
72968123;112786;[4896, 5952, 4993, 5378, 260, 2628, 72998, 2571, 1196, 1997, 7153, 33493, 6934, 5816, 1210];0.0;0.0;0.0;0.7212376159010983
72968123;201366;[4896, 5952, 4993, 5378, 260, 2628, 2571, 1196, 40815, 7153, 33493, 6934, 50872, 5816, 1210];0.0;0.0;0.0;0.6736729417658694
72968123;119956;[4896, 5952, 4993, 5378, 260, 2628, 34150, 2571, 1196, 7153, 33493, 6934, 50872, 53464, 1210];0.0;0.0;0.0;0.6822966055647829
72968123;75930;[4896, 5952, 4993, 260, 2571, 81834, 1196, 40815, 8368, 54001, 7153, 6934, 50872, 5816, 88125];0.0;0.0;0.0;0.7735867758236029
72968123;15005;[4896, 5952, 4993, 5378, 260, 2628, 60069, 2571, 1196, 40815, 8368, 7153, 33493, 6934, 5816, 1210];0.0;0.0;0.0;0.6771392736730769
72968123;147613;[4896, 5952, 4993, 5378, 260, 2628, 2116, 60069, 72998, 2571, 1196, 1997, 7153, 7254, 6934, 50872, 1210];0.0;0.0;0.0;0.6588928128844546
72968123;263323;[4896, 5952, 4993, 5378, 260, 2628, 60069, 72998, 2571, 81834, 1196, 40815, 7153, 33493, 69844, 6934, 117529, 50872, 1210, 88125];0.0;0.0;0.0;0.6653161567395933
72968123;55967;[4896, 5952, 4993, 260, 2628, 60069, 34150, 72998, 2571, 81834, 1196, 1997, 40815, 8368, 54001, 7153, 33493, 69844, 6934, 50872, 5816, 1210, 88125];0.0;0.0;0.0;0.6520702264779885
72968123;174749;[4896, 5952, 4993, 5378, 260, 2628, 60069, 34150, 72998, 2571, 81834, 1196, 40815, 8368, 54001, 7153, 33493, 69844, 53464, 5816, 1210, 88125];0.0;0.0;0.0;0.6834488530647688
72968123;207015;[4896, 5952, 4993, 5378, 260, 2628, 60069, 72998, 2571, 81834, 1196, 1997, 40815, 8368, 54001, 7153, 33493, 69844, 7254, 6934, 50872, 5816, 1210, 88125];0.0;0.0;0.0;0.703510979792418
72968123;79524;[4896, 5952, 4993, 260, 2628, 60069, 72998, 2571, 1196, 1997, 40815, 8368, 54001, 7153, 33493, 69844, 7254, 6934, 5816, 1210];0.0;0.0;0.0;0.6595812446349977
72968123;104102;[4896, 5952, 4993, 260, 60069, 34150, 72998, 2571, 1196, 8368, 54001, 7153, 33493, 69844, 50872, 5816, 1210, 88125];0.0;0.0;0.0;0.6860529906619931
72968123;77483;[4896, 5952, 4993, 260, 60069, 72998, 2571, 81834, 1196, 1997, 7153, 50872, 5816, 1210, 88125];0.0;0.0;0.0;0.7515074157743317
72968123;38571;[4896, 5952, 4993, 60069, 72998, 2571, 81834, 40815, 8368, 54001, 7153, 69844, 7254, 50872, 5816, 88125];0.0;0.0;0.0;-0.7929482743051329
72968123;108714;[4896, 5952, 4993, 260, 2628, 60069, 2571, 1196, 40815, 54001, 7153, 33493, 69844, 6934, 50872, 1210, 88125];0.0;0.0;0.0;0.6576078639772834
72968123;28332;[4896, 5952, 4993, 5378, 260, 2628, 2571, 1196, 40815, 8368, 54001, 7153, 33493, 6934, 5816, 1210];0.0;0.0;0.0;0.8126675650328143
72968123;215726;[4896, 5952, 4993, 5378, 260, 2628, 60069, 72998, 2571, 1196, 1997, 40815, 8368, 54001, 7153, 33493, 7254, 6934, 5816, 1210, 88125];0.0;0.0;0.0;0.7049629412984527
72968123;154291;[4896, 5952, 4993, 5378, 260, 2628, 2116, 2571, 1196, 1997, 8368, 7153, 33493, 6934, 5816, 1210];0.0;0.0;0.0;0.6970357702857966
72968123;17586;[4896, 5952, 4993, 260, 2628, 60069, 2571, 1196, 1997, 8368, 7153, 33493, 6934, 5816, 1210];0.0;0.0;0.0;0.6849649147784299
72968123;84658;[4896, 5952, 4993, 60069, 34150, 2571, 81834, 40815, 8368, 54001, 7153, 69844, 7254, 6934, 50872, 5816, 88125];0.0;0.0;0.0;0.7573398204674456
72968123;204976;[4896, 5952, 4993, 60069, 72998, 2571, 81834, 40815, 8368, 54001, 7153, 33493, 69844, 6934, 117529, 50872, 5816, 88125];0.0;0.0;0.0;0.7707793794671228
72968123;81588;[4896, 5952, 4993, 260, 2571, 81834, 1196, 40815, 8368, 54001, 7153, 69844, 5816, 1210, 88125];0.0;0.0;0.0;-0.7177796711142774
72968123;177849;[4896, 5952, 4993, 5378, 260, 2628, 60069, 72998, 2571, 1196, 40815, 8368, 54001, 7153, 33493, 7254, 6934, 1210];0.0;0.0;0.0;0.7854739695964432
72968123;165054;[4896, 5952, 4993, 5378, 260, 2628, 81834, 1196, 40815, 54001, 7153, 33493, 69844, 5816, 1210];0.0;0.0;0.0;0.7127616691996647
72968123;218303;[4896, 5952, 4993, 5378, 260, 2628, 2116, 34150, 2571, 1196, 7153, 33493, 7254, 6934, 5816, 1210];0.0;0.0;0.0;0.6587023487140687
72968123;89279;[4896, 5952, 4993, 60069, 72998, 2571, 81834, 40815, 8368, 54001, 7153, 69844, 50872, 5816, 88125];0.0;0.0;0.0;0.6805985129547366
72968123;27838;[4896, 5952, 4993, 5378, 260, 2628, 2571, 1196, 1997, 40815, 8368, 54001, 7153, 33493, 7254, 6934, 5816, 1210];0.0;0.0;0.0;0.6947958809171668
72968123;226493;[5952, 4993, 5378, 260, 2628, 60069, 72998, 2571, 1196, 7153, 33493, 7254, 6934, 50872, 1210];0.0;0.0;0.0;0.689495722639238
72968123;78526;[4896, 5952, 4993, 5378, 260, 2628, 2571, 81834, 1196, 40815, 8368, 54001, 7153, 69844, 5816, 1210, 88125];0.0;0.0;0.0;-0.7273281107667531
72968123;145090;[4896, 5952, 4993, 5378, 260, 2628, 60069, 2571, 1196, 40815, 8368, 54001, 7153, 33493, 6934, 50872, 5816, 1210];0.0;0.0;0.0;0.762801723429317
72968123;214209;[5952, 4993, 5378, 260, 2628, 60069, 72998, 2571, 1196, 1997, 7153, 33493, 6934, 50872, 1210];0.0;0.0;0.0;0.6910252140477097
72968123;3266;[4896, 5952, 4993, 5378, 260, 34150, 2571, 81834, 1196, 40815, 7153, 69844, 7254, 50872, 53464, 5816];0.0;0.0;0.0;0.7412680550124636
72968123;224453;[5952, 4993, 5378, 260, 2628, 60069, 72998, 2571, 81834, 1196, 40815, 8368, 54001, 7153, 33493, 69844, 6934, 50872, 1210];0.0;0.0;0.0;0.6622634863994536
72968123;13000;[4896, 5952, 4993, 260, 2116, 60069, 72998, 81834, 1196, 40815, 8368, 54001, 7153, 69844, 5816, 1210, 88125];0.0;0.0;0.0;-0.6593107720868316
72968123;229065;[4896, 5952, 4993, 260, 2628, 60069, 72998, 2571, 1196, 40815, 8368, 7153, 50872, 53464, 5816, 1210];0.0;0.0;0.0;0.6769991206753141
72968123;141520;[5952, 4993, 260, 34150, 2571, 81834, 1196, 40815, 8368, 54001, 7153, 69844, 53464, 5816, 1210, 88125];0.0;0.0;0.0;-0.6731187859467286
72968123;98519;[4896, 5952, 4993, 260, 2628, 60069, 72998, 2571, 81834, 1196, 40815, 8368, 54001, 7153, 33493, 69844, 7254, 6934, 50872, 1210, 88125];0.0;0.0;0.0;0.6590735446106779
72968123;138453;[4896, 5952, 4993, 5378, 260, 2628, 81834, 1196, 1997, 40815, 8368, 54001, 7153, 33493, 69844, 5816, 1210, 88125];0.0;0.0;0.0;-0.704385614151183
72968123;1240;[4896, 5952, 4993, 5378, 260, 2628, 2571, 1196, 1997, 40815, 8368, 7153, 33493, 6934, 5816, 1210];0.0;0.0;0.0;0.701806857259632
72968123;2780;[4896, 5952, 4993, 60069, 72998, 2571, 81834, 40815, 8368, 54001, 7153, 69844, 7254, 5816, 88125];0.0;0.0;0.0;0.7777369736698299
72968123;149212;[4896, 5952, 4993, 5378, 260, 2628, 2116, 60069, 34150, 2571, 1196, 1997, 40815, 8368, 54001, 7153, 33493, 69844, 6934, 5816, 1210];0.0;0.0;0.0;0.7080481286784074
72968123;208099;[4896, 5952, 4993, 60069, 2571, 81834, 40815, 8368, 54001, 7153, 69844, 50872, 5816, 1210, 88125];0.0;0.0;0.0;-0.652072527991565
72968123;50918;[4896, 5952, 4993, 5378, 260, 2628, 60069, 72998, 2571, 1196, 40815, 8368, 54001, 7153, 33493, 7254, 6934, 5816, 1210];0.0;0.0;0.0;0.7415851798890964
72968123;77547;[4896, 5952, 4993, 5378, 260, 2628, 34150, 2571, 1196, 40815, 8368, 7153, 33493, 7254, 6934, 5816, 1210];0.0;0.0;0.0;0.655905378929749
72968123;248046;[4896, 5952, 4993, 5378, 260, 2628, 34150, 72998, 2571, 81834, 1196, 1997, 40815, 8368, 54001, 7153, 33493, 69844, 7254, 117529, 5816, 1210, 88125];0.0;0.0;0.0;0.6755302627126406
72968123;184559;[4896, 5952, 4993, 60069, 72998, 2571, 81834, 40815, 8368, 54001, 7153, 69844, 6934, 50872, 5816];0.0;0.0;0.0;0.8406061746697645
72968123;161004;[4896, 5952, 4993, 5378, 260, 2628, 2116, 60069, 34150, 72998, 2571, 81834, 1196, 40815, 8368, 54001, 7153, 33493, 69844, 6934, 50872, 5816, 1210, 88125];0.0;0.0;0.0;0.7169496777383384
72968123;113391;[4896, 5952, 4993, 5378, 260, 2628, 34150, 2571, 1196, 1997, 40815, 8368, 7153, 33493, 7254, 6934, 5816, 1210];0.0;0.0;0.0;0.7227117743574544
72968123;229101;[4896, 5952, 4993, 5378, 260, 2628, 2571, 1196, 40815, 8368, 54001, 7153, 33493, 6934, 5816, 1210];0.0;0.0;0.0;0.7430824419670475
72968123;55537;[4896, 5952, 4993, 2116, 60069, 34150, 72998, 2571, 81834, 1196, 40815, 8368, 54001, 7153, 69844, 53464, 5816, 1210, 88125];0.0;0.0;0.0;0.6791577068589187
72968123;226544;[4896, 5952, 4993, 260, 34150, 2571, 81834, 40815, 8368, 54001, 7153, 69844, 117529, 53464, 5816, 88125];0.0;0.0;0.0;0.690623375220805
72968123;268540;[4896, 5952, 4993, 5378, 260, 2628, 60069, 2571, 1196, 8368, 7153, 33493, 7254, 6934, 50872, 5816, 1210];0.0;0.0;0.0;0.6871453861501563
72968123;192762;[4896, 5952, 4993, 60069, 72998, 2571, 81834, 40815, 8368, 54001, 7153, 69844, 7254, 6934, 50872, 5816];0.0;0.0;0.0;0.8037263015682592
72968123;145656;[4896, 5952, 4993, 5378, 260, 2628, 2116, 60069, 72998, 2571, 1196, 40815, 7153, 33493, 7254, 6934, 50872, 5816, 1210];0.0;0.0;0.0;0.6578132167720528
72968123;93438;[4896, 5952, 4993, 260, 60069, 72998, 2571, 1196, 40815, 8368, 7153, 69844, 6934, 50872, 5816, 88125];0.0;0.0;0.0;0.7894559104641784
72968123;202499;[4896, 5952, 4993, 5378, 260, 2628, 2116, 2571, 1196, 1997, 8368, 7153, 6934, 5816, 1210];0.0;0.0;0.0;0.6830885328192379
72968123;86272;[4896, 5952, 4993, 5378, 2628, 60069, 72998, 2571, 81834, 40815, 8368, 54001, 7153, 33493, 69844, 7254, 50872, 5816, 88125];0.0;0.0;0.0;0.6798964783091408
72968123;140035;[5952, 4993, 260, 60069, 72998, 2571, 81834, 1196, 7153, 69844, 6934, 50872, 5816, 1210, 88125];0.0;0.0;0.0;0.6897978563007711
72968123;270592;[4896, 5952, 4993, 60069, 72998, 2571, 81834, 40815, 8368, 54001, 7153, 69844, 6934, 5816, 88125];0.0;0.0;0.0;0.730045619128435
72968123;73478;[5952, 4993, 5378, 260, 2628, 2571, 33493, 69844, 7254, 6934, 53464, 4896, 60069, 34150, 72998, 81834, 1196, 40815, 8368, 54001, 7153, 50872, 5816, 1210, 88125];0.0;0.0;0.0;0.6619417465108904
72968123;75529;[4896, 5952, 4993, 5378, 260, 2628, 60069, 34150, 2571, 81834, 1196, 40815, 8368, 54001, 7153, 33493, 69844, 50872, 53464, 5816, 1210, 88125];0.0;0.0;0.0;0.6735308072794384
72968123;15624;[4896, 5952, 4993, 260, 60069, 72998, 2571, 1196, 1997, 40815, 54001, 7153, 69844, 5816, 88125];0.0;0.0;0.0;0.7328918094348918
72968123;140041;[4896, 5952, 4993, 5378, 260, 60069, 72998, 81834, 1196, 40815, 54001, 7153, 69844, 50872, 5816, 1210, 88125];0.0;0.0;0.0;-0.6700269195677875
72968123;17680;[4896, 5952, 4993, 5378, 260, 2628, 60069, 72998, 2571, 1196, 1997, 40815, 8368, 7153, 33493, 6934, 50872, 5816, 1210];0.0;0.0;0.0;0.6979671637503848
72968123;170258;[5952, 5378, 260, 60069, 34150, 72998, 2571, 81834, 1196, 54001, 7153, 33493, 7254, 6934, 50872, 53464, 1210, 88125];0.0;0.0;0.0;0.6625388321096592
72968123;157969;[4896, 5952, 4993, 260, 60069, 72998, 2571, 81834, 1196, 40815, 8368, 7153, 33493, 69844, 6934, 50872, 1210, 88125];0.0;0.0;0.0;0.7129391689975829
72968123;143127;[4896, 5952, 4993, 5378, 260, 2628, 34150, 2571, 1196, 1997, 40815, 8368, 7153, 33493, 7254, 6934, 5816, 1210];0.0;0.0;0.0;0.666181574726004
72968123;17175;[5952, 4993, 5378, 260, 2628, 60069, 34150, 72998, 2571, 1196, 7153, 33493, 6934, 50872, 1210];0.0;0.0;0.0;0.6602020142307613
72968123;49945;[4896, 5952, 4993, 2628, 2571, 81834, 40815, 8368, 54001, 7153, 69844, 7254, 6934, 5816, 88125];0.0;0.0;0.0;0.6552475748795858
72968123;52506;[4896, 5952, 4993, 5378, 260, 2628, 2571, 1196, 40815, 8368, 7153, 33493, 6934, 5816, 1210];0.0;0.0;0.0;0.8404254326055479
72968123;146712;[4896, 5952, 4993, 5378, 60069, 72998, 2571, 1196, 40815, 8368, 54001, 7153, 69844, 6934, 50872, 5816];0.0;0.0;0.0;0.6834957600151331
72968123;34587;[4896, 5952, 4993, 5378, 260, 2628, 60069, 72998, 2571, 81834, 1196, 40815, 8368, 54001, 7153, 33493, 69844, 6934, 50872, 5816, 1210, 88125];0.0;0.0;0.0;0.6767021776008172
72968123;10012;[4896, 5952, 4993, 5378, 260, 2628, 2571, 1196, 40815, 8368, 7153, 33493, 7254, 6934, 5816, 1210];0.0;0.0;0.0;0.8242142266186435
72968123;7965;[4896, 5952, 4993, 5378, 260, 2628, 2571, 1196, 1997, 40815, 8368, 7153, 33493, 6934, 5816, 1210];0.0;0.0;0.0;0.735324579728924
72968123;204573;[4896, 5952, 4993, 260, 72998, 2571, 81834, 1196, 40815, 8368, 54001, 7153, 5816, 1210, 88125];0.0;0.0;0.0;0.7648323663692258
72968123;216348;[4896, 5952, 4993, 5378, 260, 2628, 2571, 1196, 1997, 40815, 8368, 7153, 33493, 6934, 1210];0.0;0.0;0.0;0.743471455059142
72968123;136994;[4896, 5952, 4993, 260, 2628, 60069, 72998, 2571, 81834, 1196, 40815, 8368, 7153, 33493, 69844, 6934, 5816, 1210];0.0;0.0;0.0;0.7018429785481254
72968123;132899;[4896, 5952, 4993, 5378, 260, 2628, 2116, 34150, 2571, 1196, 1997, 7153, 33493, 6934, 1210];0.0;0.0;0.0;0.6994129546652365
72968123;210210;[4896, 5952, 4993, 260, 72998, 2571, 81834, 40815, 8368, 54001, 7153, 69844, 6934, 50872, 88125];0.0;0.0;0.0;0.7480706024577533
72968123;118051;[4896, 5952, 4993, 5378, 260, 2628, 72998, 2571, 1196, 40815, 8368, 54001, 7153, 33493, 69844, 6934, 5816, 1210];0.0;0.0;0.0;0.6775848515957535
72968123;200480;[4896, 5952, 4993, 5378, 260, 2628, 60069, 72998, 2571, 1196, 40815, 8368, 54001, 7153, 33493, 69844, 6934, 50872, 5816, 1210];0.0;0.0;0.0;0.6955515299379841
72968123;5412;[4896, 5952, 4993, 60069, 72998, 81834, 1196, 40815, 8368, 54001, 7153, 69844, 7254, 50872, 5816, 1210, 88125];0.0;0.0;0.0;-0.7166957692984854
72968123;231718;[4896, 5952, 4993, 260, 60069, 72998, 2571, 81834, 1196, 40815, 8368, 54001, 7153, 33493, 69844, 6934, 50872, 5816, 1210, 88125];0.0;0.0;0.0;0.8537485896525222
72968123;250662;[4896, 5952, 4993, 260, 2628, 60069, 34150, 72998, 2571, 1196, 40815, 8368, 7153, 7254, 6934, 50872, 5816, 1210];0.0;0.0;0.0;0.6917769451083243
72968123;234790;[5952, 4993, 5378, 260, 2628, 2571, 1196, 1997, 8368, 7153, 33493, 6934, 50872, 53464, 1210];0.0;0.0;0.0;0.6814031341092235
72968123;107814;[4896, 5952, 4993, 260, 2628, 2116, 60069, 72998, 81834, 40815, 8368, 54001, 7153, 33493, 69844, 117529, 50872, 5816, 88125];0.0;0.0;0.0;-0.7752023811354779
72968123;228651;[4896, 5952, 4993, 5378, 260, 2628, 2116, 2571, 1196, 8368, 7153, 33493, 6934, 5816, 1210];0.0;0.0;0.0;0.8062105929782454
72968123;107821;[4896, 5952, 4993, 260, 34150, 2571, 1196, 40815, 8368, 54001, 7153, 33493, 6934, 5816, 1210];0.0;0.0;0.0;0.7313792627775313
72968123;58668;[4896, 5952, 4993, 260, 81834, 1997, 40815, 8368, 54001, 7153, 33493, 69844, 5816, 1210, 88125];0.0;0.0;0.0;-0.7793886339908338
72968123;61229;[4896, 5952, 4993, 5378, 260, 2628, 2571, 1196, 1997, 40815, 8368, 54001, 7153, 33493, 6934, 50872, 5816, 1210];0.0;0.0;0.0;0.7346940778285016
72968123;128302;[4896, 5952, 4993, 5378, 260, 2628, 72998, 2571, 81834, 40815, 7153, 33493, 50872, 5816, 88125];0.0;0.0;0.0;0.6769456508346232
72968123;185138;[4896, 5952, 4993, 5378, 260, 2571, 81834, 1196, 8368, 7153, 69844, 7254, 6934, 5816, 1210, 88125];0.0;0.0;0.0;0.7015181752478447
72968123;22834;[4896, 5952, 4993, 5378, 260, 2628, 2571, 1196, 40815, 8368, 7153, 33493, 7254, 6934, 50872, 5816, 1210];0.0;0.0;0.0;0.8071429871110993
72968123;173873;[4896, 5952, 4993, 5378, 260, 2628, 34150, 72998, 2571, 1196, 40815, 8368, 54001, 7153, 33493, 69844, 6934, 5816, 1210];0.0;0.0;0.0;0.6712364673923105
72968123;177972;[4896, 5952, 4993, 5378, 260, 2628, 60069, 34150, 72998, 2571, 81834, 1196, 40815, 8368, 54001, 7153, 33493, 69844, 117529, 50872, 53464, 5816, 1210];0.0;0.0;0.0;0.6679922170722595
72968123;60727;[4896, 5952, 4993, 260, 60069, 72998, 2571, 81834, 40815, 8368, 54001, 7153, 69844, 7254, 117529, 50872, 88125];0.0;0.0;0.0;0.710554973422575
72968123;172350;[4896, 5952, 4993, 5378, 2628, 34150, 72998, 81834, 40815, 8368, 54001, 7153, 33493, 69844, 53464, 5816, 88125];0.0;0.0;0.0;-0.6689655163550314
72968123;208703;[4896, 5952, 4993, 260, 2628, 60069, 34150, 2571, 1196, 40815, 7153, 33493, 7254, 6934, 5816, 1210];0.0;0.0;0.0;0.729511140684445
72968123;248642;[4896, 5952, 4993, 5378, 260, 2628, 60069, 2571, 1196, 40815, 8368, 54001, 7153, 33493, 7254, 6934, 5816, 1210];0.0;0.0;0.0;0.7912817513970066
72968123;10052;[4896, 5952, 4993, 260, 72998, 2571, 81834, 1196, 40815, 8368, 7153, 7254, 50872, 5816, 88125];0.0;0.0;0.0;0.8467649565106502
72968123;26442;[4896, 5952, 4993, 5378, 260, 2628, 34150, 72998, 2571, 1196, 40815, 8368, 54001, 7153, 33493, 7254, 6934, 117529, 53464, 5816, 1210];0.0;0.0;0.0;0.7432578330131879
72968123;182606;[4896, 5952, 4993, 260, 60069, 34150, 72998, 2571, 81834, 40815, 8368, 7153, 33493, 6934, 50872, 5816, 1210, 88125];0.0;0.0;0.0;0.737201728111558
72968123;4940;[4896, 5952, 4993, 5378, 260, 2628, 2571, 1196, 1997, 40815, 54001, 7153, 33493, 7254, 6934, 5816, 1210];0.0;0.0;0.0;0.7054787271703644
72968123;5452;[4896, 5952, 4993, 5378, 260, 2628, 34150, 72998, 2571, 1196, 8368, 7153, 69844, 6934, 117529, 5816, 1210];0.0;0.0;0.0;0.6512259177332872
72968123;241487;[4896, 5952, 4993, 5378, 260, 2628, 34150, 2571, 1196, 1997, 7153, 33493, 7254, 6934, 1210];0.0;0.0;0.0;0.7963715577305395
72968123;16722;[4896, 5952, 4993, 5378, 260, 2628, 60069, 2571, 1196, 40815, 8368, 54001, 7153, 33493, 6934, 50872, 5816, 1210];0.0;0.0;0.0;0.7565371322637123
72968123;232273;[4896, 5952, 4993, 260, 2628, 60069, 34150, 72998, 2571, 81834, 1196, 40815, 8368, 7153, 33493, 69844, 53464, 1210, 88125];0.0;0.0;0.0;0.6558153118489031
72968123;109395;[4896, 5952, 4993, 5378, 260, 2628, 60069, 72998, 2571, 81834, 1196, 7153, 33493, 5816, 1210, 88125];0.0;0.0;0.0;0.6729922235745986
72968123;110418;[4896, 5952, 4993, 5378, 260, 2628, 72998, 2571, 81834, 1196, 40815, 8368, 54001, 7153, 33493, 69844, 6934, 50872, 5816, 1210];0.0;0.0;0.0;0.686380579045367
72968123;182614;[4896, 5952, 4993, 60069, 72998, 2571, 81834, 40815, 8368, 54001, 7153, 69844, 7254, 50872, 5816, 88125];0.0;0.0;0.0;-0.7491770158098513
72968123;140118;[4896, 5952, 4993, 5378, 260, 2628, 60069, 72998, 2571, 1196, 40815, 8368, 54001, 7153, 33493, 69844, 50872, 5816, 1210];0.0;0.0;0.0;0.6750708294503055
72968123;263516;[5952, 4993, 5378, 260, 2628, 60069, 72998, 2571, 1196, 7153, 33493, 6934, 50872, 5816, 1210, 88125];0.0;0.0;0.0;0.6678898085613889
72968123;130393;[4896, 5952, 4993, 5378, 260, 2628, 60069, 2571, 1196, 40815, 8368, 7153, 33493, 7254, 6934, 50872, 5816, 1210];0.0;0.0;0.0;0.7334470051294288
72968123;14169;[4896, 5952, 4993, 5378, 260, 60069, 2571, 1196, 8368, 7153, 33493, 69844, 6934, 50872, 1210];0.0;0.0;0.0;0.6791715037282663
72968123;121178;[4896, 5952, 4993, 260, 2628, 2571, 1196, 1997, 40815, 8368, 54001, 7153, 33493, 6934, 50872, 5816, 1210];0.0;0.0;0.0;0.6540960699589231
72968123;47451;[4896, 5952, 4993, 5378, 260, 2628, 2571, 1196, 8368, 54001, 7153, 33493, 6934, 50872, 5816, 1210];0.0;0.0;0.0;0.7073248982242544
72968123;146780;[4896, 5952, 4993, 5378, 260, 2628, 2571, 1196, 8368, 7153, 33493, 69844, 6934, 5816, 1210];0.0;0.0;0.0;0.6572725027908819
72968123;214364;[4896, 5952, 4993, 60069, 72998, 2571, 81834, 40815, 8368, 7153, 69844, 7254, 117529, 50872, 88125];0.0;0.0;0.0;0.7811906106776012
72968123;238428;[4896, 5952, 4993, 2116, 72998, 2571, 81834, 40815, 8368, 54001, 7153, 69844, 50872, 5816, 88125];0.0;0.0;0.0;-0.8180395446250399
72968123;82273;[4896, 5952, 4993, 5378, 260, 2628, 2571, 1196, 40815, 8368, 7153, 33493, 6934, 5816, 1210];0.0;0.0;0.0;0.6808193661496639
72968123;117600;[4896, 5952, 4993, 5378, 260, 2628, 60069, 72998, 2571, 1196, 40815, 8368, 7153, 33493, 6934, 50872, 5816, 1210];0.0;0.0;0.0;0.7249371724744077
72968123;268645;[4896, 5952, 4993, 260, 2628, 60069, 34150, 2571, 1196, 40815, 8368, 7153, 6934, 50872, 5816, 1210];0.0;0.0;0.0;0.813487196734181
72968123;225127;[4896, 5952, 4993, 5378, 260, 2628, 60069, 72998, 2571, 1196, 1997, 8368, 7153, 33493, 7254, 6934, 5816, 1210];0.0;0.0;0.0;0.7380472594244047
72968123;118630;[4896, 5952, 4993, 5378, 260, 2628, 60069, 34150, 2571, 1196, 1997, 7153, 33493, 6934, 5816, 1210];0.0;0.0;0.0;0.9111718172015145
72968123;88424;[4896, 5952, 4993, 5378, 260, 2628, 2116, 2571, 1196, 1997, 40815, 8368, 7153, 33493, 6934, 5816, 1210];0.0;0.0;0.0;0.7076308026007057
72968123;267630;[4896, 5952, 4993, 60069, 72998, 2571, 81834, 40815, 8368, 54001, 7153, 69844, 117529, 5816, 88125];0.0;0.0;0.0;-0.7406958807443886
72968123;41835;[4896, 4993, 260, 2628, 2116, 60069, 81834, 1196, 1997, 40815, 8368, 54001, 7153, 33493, 69844, 50872, 5816, 1210, 88125];0.0;0.0;0.0;-0.6620772935286063
72968123;25963;[4896, 5952, 4993, 60069, 72998, 2571, 81834, 40815, 8368, 54001, 7153, 69844, 7254, 50872, 5816];0.0;0.0;0.0;0.7460427057273175
72968123;95594;[4896, 5952, 4993, 60069, 34150, 72998, 2571, 81834, 40815, 8368, 54001, 7153, 69844, 7254, 117529, 50872, 53464, 5816, 88125];0.0;0.0;0.0;0.6791068845279956
72968123;258927;[4896, 5952, 4993, 5378, 260, 2628, 2571, 1196, 40815, 8368, 7153, 33493, 6934, 5816, 1210];0.0;0.0;0.0;0.7516163417709445
72968123;15726;[4896, 5952, 4993, 5378, 260, 2628, 2571, 1196, 40815, 8368, 54001, 7153, 33493, 6934, 5816, 1210];0.0;0.0;0.0;0.8362070132037541
72968123;232819;[4896, 5952, 4993, 60069, 72998, 2571, 81834, 1997, 40815, 8368, 159858, 54001, 7153, 69844, 5816, 88125];0.0;0.0;0.0;-0.6934719052030107
72968123;218483;[4896, 5952, 4993, 5378, 260, 2628, 60069, 2571, 1196, 40815, 8368, 54001, 7153, 33493, 7254, 6934, 5816, 1210];0.0;0.0;0.0;0.7294881069885482
72968123;124272;[5952, 4993, 5378, 260, 2628, 60069, 34150, 2571, 81834, 1196, 8368, 54001, 7153, 33493, 69844, 6934, 117529, 50872, 1210];0.0;0.0;0.0;0.8171752510013351
72968123;58226;[4896, 5952, 4993, 260, 2628, 34150, 72998, 2571, 1196, 40815, 8368, 54001, 7153, 33493, 69844, 7254, 6934, 5816, 1210];0.0;0.0;0.0;0.6516216663653235
72968123;83319;[4896, 5952, 4993, 260, 2628, 2571, 81834, 1196, 40815, 8368, 54001, 7153, 69844, 5816, 1210, 88125];0.0;0.0;0.0;0.8207233768633936
72968123;220021;[5952, 4993, 5378, 260, 2628, 60069, 72998, 2571, 1196, 8368, 7153, 33493, 6934, 50872, 1210];0.0;0.0;0.0;0.6741905820926944
72968123;218484;[4896, 5952, 4993, 5378, 260, 2628, 60069, 34150, 72998, 2571, 81834, 1196, 7153, 33493, 6934, 53464, 1210, 88125];0.0;0.0;0.0;0.6603461639448731
72968123;22391;[4896, 5952, 4993, 5378, 260, 2628, 60069, 34150, 72998, 2571, 1196, 40815, 8368, 54001, 7153, 33493, 6934, 50872, 53464, 5816, 1210];0.0;0.0;0.0;0.6778064241620981
72968123;116088;[4896, 5952, 4993, 5378, 260, 2628, 60069, 72998, 2571, 1196, 40815, 7153, 33493, 6934, 1210];0.0;0.0;0.0;0.8802588714482074
72968123;152447;[4896, 5952, 4993, 5378, 260, 2628, 34150, 72998, 2571, 1196, 40815, 8368, 54001, 7153, 33493, 7254, 6934, 50872, 53464, 5816, 1210];0.0;0.0;0.0;0.7147382848750391
72968123;75134;[4896, 5952, 4993, 5378, 260, 2628, 60069, 72998, 2571, 81834, 1196, 40815, 8368, 54001, 7153, 69844, 50872, 5816, 1210, 88125];0.0;0.0;0.0;-0.6589271934130859
72968123;108414;[4896, 5952, 4993, 5378, 260, 2628, 2571, 1196, 1997, 40815, 8368, 7153, 33493, 6934, 5816, 1210];0.0;0.0;0.0;0.7531003089571107
72968123;117633;[4896, 5952, 4993, 260, 72998, 2571, 81834, 1196, 40815, 8368, 54001, 7153, 33493, 69844, 5816, 1210, 88125];0.0;0.0;0.0;-0.6978404410356137
72968123;215425;[4896, 5952, 4993, 260, 60069, 34150, 81834, 40815, 8368, 54001, 7153, 69844, 117529, 50872, 53464, 5816, 88125];0.0;0.0;0.0;0.6878772037192653
72968123;237952;[4896, 5952, 4993, 260, 60069, 72998, 2571, 81834, 40815, 8368, 54001, 7153, 69844, 7254, 117529, 50872, 5816, 88125];0.0;0.0;0.0;0.7724656558350027
72968123;43907;[4896, 5952, 4993, 260, 72998, 2571, 1196, 40815, 8368, 54001, 7153, 69844, 5816, 1210, 88125];0.0;0.0;0.0;0.6909043007933704
72968123;34180;[5952, 4993, 5378, 260, 2628, 60069, 34150, 72998, 2571, 1196, 7153, 33493, 7254, 6934, 1210];0.0;0.0;0.0;0.7570790948022702
72968123;1926;[4896, 5952, 4993, 60069, 34150, 72998, 81834, 40815, 8368, 54001, 7153, 69844, 50872, 5816, 88125];0.0;0.0;0.0;0.7620787772485663
72968123;133508;[4896, 5952, 4993, 5378, 260, 2628, 2571, 1196, 1997, 40815, 8368, 7153, 33493, 6934, 5816, 1210];0.0;0.0;0.0;0.7813297095210742
72968123;79239;[4896, 5952, 4993, 260, 2628, 60069, 72998, 2571, 81834, 1196, 1997, 40815, 8368, 54001, 7153, 69844, 7254, 6934, 50872, 5816, 1210];0.0;0.0;0.0;0.7761649844782418
72968123;169355;[4896, 5952, 4993, 5378, 2628, 60069, 72998, 2571, 40815, 8368, 54001, 7153, 69844, 7254, 6934, 50872, 5816];0.0;0.0;0.0;0.6883021821125958
72968123;24971;[4896, 5952, 4993, 5378, 260, 2628, 2571, 1196, 40815, 8368, 54001, 7153, 69844, 7254, 6934, 50872, 5816, 1210];0.0;0.0;0.0;0.6613593020988697
72968123;14220;[4896, 5952, 4993, 5378, 260, 2628, 2116, 34150, 2571, 1196, 40815, 8368, 7153, 33493, 6934, 5816, 1210];0.0;0.0;0.0;0.716458220569501
72968123;198542;[4896, 5952, 4993, 5378, 260, 2628, 34150, 2571, 1196, 1997, 40815, 8368, 54001, 7153, 33493, 6934, 50872, 5816, 1210];0.0;0.0;0.0;0.7143927398104662
72968123;204685;[4896, 5952, 4993, 5378, 260, 2628, 34150, 2571, 1196, 1997, 8368, 7153, 33493, 6934, 5816, 1210];0.0;0.0;0.0;0.658273182030393
72968123;115603;[4896, 5952, 4993, 5378, 260, 2628, 60069, 2571, 1196, 1997, 40815, 8368, 54001, 7153, 33493, 6934, 50872, 5816, 1210];0.0;0.0;0.0;0.6987884623946057
72968123;209815;[4896, 5952, 4993, 5378, 260, 2628, 60069, 72998, 2571, 1196, 40815, 8368, 54001, 7153, 33493, 6934, 5816, 1210];0.0;0.0;0.0;0.8048353705566699
72968123;43925;[4896, 5952, 4993, 5378, 2628, 60069, 72998, 2571, 40815, 8368, 54001, 7153, 33493, 69844, 6934, 5816];0.0;0.0;0.0;0.7676174189139067
72968123;82326;[4896, 5952, 4993, 72998, 81834, 40815, 8368, 54001, 7153, 69844, 7254, 117529, 50872, 5816, 88125];0.0;0.0;0.0;-0.6636132328889043
72968123;3479;[4896, 5952, 4993, 60069, 34150, 72998, 2571, 81834, 54001, 7153, 69844, 50872, 5816, 1210, 88125];0.0;0.0;0.0;0.6636485183936229
72968123;268188;[4896, 5952, 4993, 260, 2571, 81834, 1196, 40815, 8368, 54001, 7153, 69844, 5816, 1210, 88125];0.0;0.0;0.0;0.7256318296390835
72968123;80281;[4896, 5952, 4993, 5378, 260, 2628, 60069, 72998, 2571, 1196, 40815, 8368, 54001, 7153, 33493, 69844, 6934, 50872, 5816, 1210];0.0;0.0;0.0;0.7706371304812112
72968123;267166;[4896, 5952, 4993, 260, 60069, 72998, 2571, 1196, 40815, 8368, 7153, 33493, 50872, 5816, 1210, 88125];0.0;0.0;0.0;0.6689454397498736
72968123;128422;[4896, 5952, 4993, 5378, 260, 72998, 2571, 81834, 1196, 40815, 8368, 54001, 7153, 69844, 6934, 5816, 88125];0.0;0.0;0.0;0.6891405141700849
72968123;122793;[4896, 5952, 4993, 5378, 260, 2628, 60069, 34150, 72998, 2571, 81834, 1196, 40815, 8368, 54001, 7153, 33493, 69844, 7254, 6934, 50872, 5816, 1210, 88125];0.0;0.0;0.0;0.7031310526816005
72968123;130473;[4896, 5952, 4993, 60069, 72998, 2571, 81834, 40815, 8368, 54001, 7153, 69844, 6934, 50872, 53464];0.0;0.0;0.0;0.6520014500016906
72968123;28073;[4896, 5952, 4993, 260, 60069, 72998, 2571, 81834, 1196, 40815, 54001, 7153, 7254, 50872, 5816, 1210, 88125];0.0;0.0;0.0;0.7168451894820197
72968123;26539;[4896, 5952, 4993, 5378, 260, 2628, 2116, 34150, 2571, 1196, 1997, 8368, 7153, 33493, 6934, 5816, 1210];0.0;0.0;0.0;0.6680051819631766
72968123;14253;[4896, 5952, 4993, 60069, 72998, 2571, 81834, 40815, 8368, 54001, 7153, 69844, 7254, 117529, 50872, 5816, 88125];0.0;0.0;0.0;-0.6966455685396029
72968123;112047;[4896, 5952, 4993, 72998, 2571, 81834, 1997, 40815, 8368, 54001, 7153, 69844, 117529, 5816, 88125];0.0;0.0;0.0;0.6571041247073235
72968123;147889;[4896, 5952, 4993, 5378, 260, 2628, 2571, 1196, 40815, 8368, 7153, 33493, 6934, 5816, 1210];0.0;0.0;0.0;0.6955991296105916
72968123;39861;[4896, 5952, 4993, 260, 60069, 72998, 2571, 81834, 1196, 40815, 8368, 54001, 7153, 33493, 69844, 7254, 50872, 5816, 1210, 88125];0.0;0.0;0.0;0.6903552277162907
72968123;171964;[4896, 5952, 4993, 5378, 260, 2628, 2571, 1196, 1997, 7153, 33493, 7254, 6934, 5816, 1210];0.0;0.0;0.0;0.6859075790032559
72968123;236483;[4896, 5952, 4993, 260, 81834, 1196, 40815, 54001, 7153, 33493, 69844, 7254, 5816, 1210, 88125];0.0;0.0;0.0;0.841039466541207
72968123;193987;[4896, 5952, 4993, 60069, 72998, 2571, 81834, 40815, 8368, 7153, 69844, 7254, 6934, 5816, 88125];0.0;0.0;0.0;0.9031875912801958
72968123;33732;[4896, 5952, 4993, 5378, 260, 2628, 34150, 72998, 2571, 81834, 1196, 1997, 40815, 8368, 54001, 7153, 33493, 69844, 7254, 6934, 53464, 5816, 1210, 88125];0.0;0.0;0.0;0.7105032646983246
72968123;48071;[4896, 5952, 4993, 5378, 260, 2628, 60069, 72998, 2571, 81834, 1196, 1997, 40815, 8368, 54001, 7153, 33493, 69844, 6934, 50872, 5816, 1210, 88125];0.0;0.0;0.0;0.789749612050858
72968123;264652;[4896, 5952, 4993, 5378, 260, 2628, 60069, 34150, 1196, 40815, 8368, 54001, 7153, 33493, 7254, 5816];0.0;0.0;0.0;0.7184455035731951
72968123;124362;[4896, 5952, 4993, 60069, 2571, 81834, 40815, 8368, 54001, 7153, 69844, 7254, 6934, 5816, 88125];0.0;0.0;0.0;0.745589980359296
72968123;227276;[5952, 4993, 260, 72998, 2571, 81834, 1196, 40815, 8368, 54001, 7153, 69844, 50872, 1210, 88125];0.0;0.0;0.0;0.687094812168817
72968123;190930;[4896, 5952, 4993, 260, 72998, 2571, 81834, 1196, 40815, 8368, 159858, 54001, 7153, 33493, 69844, 50872, 5816, 1210, 88125];0.0;0.0;0.0;0.6877575538217189
72968123;238043;[4896, 4993, 260, 60069, 72998, 2571, 81834, 1196, 40815, 8368, 54001, 7153, 33493, 69844, 5816, 88125];0.0;0.0;0.0;-0.6915267000371185
72968123;142296;[4896, 5952, 4993, 5378, 260, 2628, 60069, 2571, 81834, 1196, 40815, 54001, 7153, 50872, 5816, 1210, 88125];0.0;0.0;0.0;0.7452608124543431
72968123;115165;[4896, 5952, 4993, 260, 60069, 72998, 2571, 81834, 1196, 8368, 7153, 6934, 50872, 5816, 1210, 88125];0.0;0.0;0.0;0.7113484905312006
72968123;233951;[4896, 5952, 4993, 5378, 260, 2628, 34150, 2571, 1196, 1997, 40815, 8368, 7153, 33493, 7254, 6934, 5816, 1210];0.0;0.0;0.0;0.7061638137184205
72968123;36317;[4896, 5952, 4993, 260, 60069, 34150, 72998, 81834, 40815, 8368, 54001, 7153, 33493, 69844, 7254, 6934, 50872, 53464, 5816, 1210, 88125];0.0;0.0;0.0;0.6607637529714893
72968123;261086;[5952, 4993, 5378, 260, 2628, 2571, 1997, 33493, 69844, 6934, 117529, 4896, 60069, 34150, 72998, 81834, 1196, 40815, 8368, 159858, 54001, 7153, 50872, 5816, 1210, 88125];0.0;0.0;0.0;0.650363050120412
72968123;220125;[4896, 5952, 4993, 260, 81834, 1196, 40815, 8368, 54001, 7153, 69844, 50872, 5816, 1210, 88125];0.0;0.0;0.0;-0.7407942724836468
72968123;251873;[4896, 5952, 4993, 5378, 260, 2628, 2116, 2571, 1196, 1997, 40815, 8368, 7153, 33493, 6934, 5816, 1210];0.0;0.0;0.0;0.6674257362909028
72968123;206817;[4896, 5952, 4993, 5378, 260, 2628, 60069, 34150, 72998, 2571, 1196, 8368, 7153, 33493, 6934, 5816, 1210];0.0;0.0;0.0;0.8162993429894566
72968123;229355;[4896, 5952, 4993, 5378, 260, 2628, 72998, 81834, 1196, 40815, 8368, 54001, 7153, 33493, 69844, 50872, 5816, 1210, 88125];0.0;0.0;0.0;-0.665634532943445
72968123;11753;[4896, 5952, 4993, 5378, 260, 2628, 72998, 2571, 1196, 40815, 8368, 54001, 7153, 33493, 7254, 6934, 5816, 1210];0.0;0.0;0.0;0.6519210021395137
72968123;101355;[5952, 4993, 260, 60069, 72998, 2571, 81834, 1196, 7153, 69844, 7254, 6934, 50872, 5816, 88125];0.0;0.0;0.0;0.8024483971689826
72968123;188904;[4896, 5952, 4993, 260, 60069, 72998, 2571, 81834, 1196, 40815, 8368, 54001, 7153, 69844, 7254, 6934, 50872, 5816, 88125];0.0;0.0;0.0;0.7331697137615051
72968123;110571;[4896, 5952, 4993, 2628, 34150, 2571, 81834, 40815, 8368, 54001, 7153, 7254, 53464, 5816, 88125];0.0;0.0;0.0;0.7038912690609873
72968123;156137;[4896, 5952, 4993, 5378, 260, 2628, 2116, 60069, 2571, 1196, 40815, 8368, 7153, 33493, 6934, 5816, 1210];0.0;0.0;0.0;0.7409623658265404
72968123;161778;[4896, 5952, 4993, 5378, 260, 2628, 2116, 60069, 34150, 2571, 1196, 7153, 33493, 6934, 50872, 1210];0.0;0.0;0.0;0.6612428772315289
72968123;98295;[4896, 5952, 4993, 260, 60069, 72998, 1196, 40815, 8368, 54001, 7153, 69844, 7254, 50872, 5816, 1210];0.0;0.0;0.0;0.6618242621689221
72968123;58871;[4896, 5952, 4993, 5378, 260, 2628, 72998, 2571, 81834, 1196, 40815, 8368, 54001, 7153, 33493, 69844, 6934, 5816, 1210, 88125];0.0;0.0;0.0;0.6786035634661075
72968123;46073;[4896, 5952, 4993, 60069, 72998, 2571, 81834, 40815, 8368, 54001, 7153, 69844, 6934, 50872, 5816, 88125];0.0;0.0;0.0;0.7840761725203422
72968123;50683;[4896, 5952, 4993, 5378, 260, 72998, 2571, 81834, 1196, 1997, 40815, 8368, 54001, 7153, 33493, 69844, 50872, 5816, 1210, 88125];0.0;0.0;0.0;-0.7750223063128812
72968123;80378;[4896, 5952, 4993, 5378, 260, 2628, 2571, 1196, 1997, 40815, 8368, 7153, 33493, 6934, 5816, 1210];0.0;0.0;0.0;0.6812688800445863
72968123;257532;[4896, 5952, 4993, 5378, 260, 2628, 60069, 34150, 72998, 2571, 81834, 1196, 8368, 7153, 33493, 7254, 6934, 50872, 5816, 1210, 88125];0.0;0.0;0.0;0.6646859127634117
