userIdB;intersection;similarity;distanceJ;distanceCos
7;[33794, 69844, 54503, 98809, 81834, 99114, 2959, 58559];0.1111111111111111;0.8888888888888888;0.19288515135113415
28;[4226, 1221, 858, 2959, 58559];0.1;0.9;0.20289428037505
146;[59315, 1221, 858, 110, 58559];0.10638297872340426;0.8936170212765957;0.18620061819178005
210;[1221, 858, 110, 2959];0.12121212121212122;0.8787878787878788;0.2732067121050288
247;[4226, 33794, 59315, 69844, 112552, 858, 81834, 2959, 58559];0.10465116279069768;0.8953488372093024;0.21938846896093392
329;[33794, 59315, 68358, 2959, 58559];0.10416666666666667;0.8958333333333334;0.1790468010061587
510;[59315, 1221, 68358, 858, 99114, 2959, 58559];0.109375;0.890625;0.22249326351123386
880;[96821, 68358, 98809, 2762, 110, 4878, 2959, 58559];0.12698412698412698;0.873015873015873;0.15596085300977006
967;[33794, 69844, 68358, 81834, 58559];0.1;0.9;0.19657760654884307
1115;[69844, 98809, 81834, 4878, 58559];0.11627906976744186;0.8837209302325582;0.18653286569757535
1252;[33794, 59315, 110, 2959, 58559];0.10869565217391304;0.8913043478260869;0.1603531658756631
1606;[59315, 69844, 91542, 73017, 858, 81834, 58559];0.11475409836065574;0.8852459016393442;0.2090187180655688
1968;[33794, 1221, 91542, 73017, 98809, 858, 2762, 110, 2959, 58559];0.15625;0.84375;0.2642756059268236
1973;[4226, 68358, 81834, 99114, 2959, 58559];0.12244897959183673;0.8775510204081632;0.2199124311381941
