userIdB;intersection;similarity;distanceJ;distanceCos
2085;[1968, 4226, 1221, 91542, 858, 2762, 1246, 4878, 2959, 58559];0.10416666666666667;0.8958333333333334;0.22775542683679198
2100;[4226, 1221, 112552, 2762, 99114, 110, 4878, 2959, 59315, 91542, 98809, 858, 58559];0.10077519379844961;0.8992248062015504;0.20576920790322248
2171;[4226, 33794, 99114, 4878, 2959, 58559];0.1276595744680851;0.8723404255319149;0.22378884295138277
2184;[4226, 59315, 96821, 54503, 68358, 73017, 98809, 858, 81834, 99114, 2959, 58559];0.10434782608695652;0.8956521739130435;0.22139543789296987
2345;[4226, 33794, 59315, 68358, 98809, 112552, 2762, 99114, 110, 4878, 2959, 58559];0.14814814814814814;0.8518518518518519;0.24740097595453642
2382;[2762, 99114, 110, 2959, 58559];0.10204081632653061;0.8979591836734694;0.1466642505889859
2399;[1968, 73017, 98809, 112552, 2762, 81834, 91500, 1246, 58559];0.1;0.9;0.17594030659219928
2635;[4226, 1221, 858, 2959, 58559];0.1111111111111111;0.8888888888888888;0.21637520022923717
2685;[59315, 73017, 112552, 858, 99114, 110, 2959, 58559];0.13114754098360656;0.8688524590163934;0.2312979198682274
2712;[4226, 59315, 69844, 2918, 68358, 2762, 81834, 110, 1246, 2959, 58559];0.13095238095238096;0.8690476190476191;0.2531923608430308
2939;[1968, 4226, 33794, 59315, 69844, 2918, 858, 81834, 99114, 91500, 2959, 58559];0.10084033613445378;0.8991596638655462;0.2382105173634029
2951;[1221, 858, 110, 2959];0.10526315789473684;0.8947368421052632;0.17792726328333228
