userIdA;userIdB;intersection;similarity;distanceJ;distanceCos;pearsonCorrelation
1;98519;[4226, 1221, 68358, 2762, 81834, 99114, 91500, 110, 4878, 2959, 59315, 69844, 98809, 858, 1246];0.032467532467532464;0.9675324675324676;0.10892760735390038;-0.6936074747519236
1;147844;[4226, 1221, 2918, 68358, 2762, 81834, 99114, 91500, 2959, 1968, 69844, 91542, 858, 1246, 58559];0.02617801047120419;0.9738219895287958;0.12022256879218218;0.7553575878348846
1;99550;[33794, 2918, 68358, 5577, 2762, 81834, 91500, 4878, 2959, 1968, 59315, 69844, 73017, 1246, 58559];0.03138075313807531;0.9686192468619247;0.15640755716698704;0.6163775908485362
1;198277;[4226, 1221, 2918, 54503, 5577, 112552, 110, 4878, 2959, 1968, 73017, 858, 1246, 58559];0.01907356948228883;0.9809264305177112;0.10192383681378263;0.6527936942065448
1;18610;[4226, 33794, 68358, 2762, 110, 4878, 2959, 1968, 59315, 91542, 73017, 858, 1246, 58559];0.05303030303030303;0.946969696969697;0.1627228405763054;0.6498918919576208
1;231633;[33794, 1221, 54503, 112552, 2762, 81834, 99114, 4878, 2959, 1968, 96821, 69844, 91542, 858];0.0782122905027933;0.9217877094972067;0.21153684959978383;0.6707441042786053
1;215908;[33794, 1221, 68358, 2762, 81834, 99114, 91500, 110, 4878, 2959, 96821, 69844, 91542, 73017, 98809, 858, 1246, 58559];0.026905829596412557;0.9730941704035875;0.12966261046137487;-0.6281274709935187
1;167979;[33794, 1221, 2918, 54503, 68358, 2762, 99114, 91500, 110, 2959, 59315, 91542, 73017, 98809, 58559];0.030612244897959183;0.9693877551020408;0.11052660342021625;-0.6446341144350449
1;201240;[4226, 33794, 68358, 2762, 99114, 91500, 110, 2959, 1968, 59315, 91542, 73017, 858, 58559];0.035;0.965;0.12422447508162508;-0.6217715138789662
1;152150;[4226, 33794, 2918, 2762, 81834, 4878, 2959, 1968, 147, 59315, 69844, 858, 1246, 58559];0.010226442658875092;0.9897735573411249;0.07561050688450274;-0.6080714835413449
1;169246;[4226, 33794, 1221, 54503, 2762, 81834, 99114, 91500, 2959, 59315, 69844, 858, 1246, 58559];0.03598971722365039;0.9640102827763496;0.1317397077476251;-0.6046237131540018
1;186059;[4226, 33794, 1221, 2918, 54503, 68358, 5577, 2762, 110, 4878, 2959, 1968, 147, 59315, 69844, 858, 1246, 58559];0.004379562043795621;0.9956204379562044;0.05527635584222944;0.6209269530180129
1;104174;[4226, 33794, 1221, 2918, 68358, 112552, 2762, 99114, 110, 2959, 59315, 91542, 73017, 858, 58559];0.07894736842105263;0.9210526315789473;0.10416223995347451;-0.6049001891929057
1;23343;[4226, 33794, 1221, 54503, 68358, 112552, 2762, 99114, 91500, 4878, 2959, 59315, 858, 58559];0.02857142857142857;0.9714285714285714;0.11273658875933659;0.7005605594717776
1;204852;[33794, 2918, 68358, 2762, 81834, 91500, 110, 4878, 59315, 96821, 69844, 73017, 98809, 58559];0.04861111111111111;0.9513888888888888;0.12229066642938125;0.6677862013897864
1;188582;[4226, 33794, 1221, 2918, 68358, 2762, 81834, 91500, 2959, 1968, 59315, 96821, 69844, 91542, 73017, 858, 1246, 58559];0.016666666666666666;0.9833333333333333;0.12246741639444164;0.644759801502352
1;254204;[4226, 33794, 1221, 68358, 81834, 99114, 91500, 110, 69844, 92439, 91542, 73017, 98809, 858, 58559];0.01431297709923664;0.9856870229007634;0.09700800037858177;-0.6919181688825493
1;141241;[4226, 33794, 1221, 2918, 5577, 2762, 81834, 110, 4878, 2959, 1968, 69844, 73017, 858];0.04081632653061224;0.9591836734693877;0.1798741928946372;0.7840788617622699
1;10383;[4226, 33794, 112552, 2762, 81834, 99114, 2959, 1968, 59315, 69844, 91542, 73017, 858, 1246, 58559];0.03054989816700611;0.9694501018329938;0.14570072059962508;0.6044731723122464
1;60923;[4226, 33794, 1221, 2918, 68358, 5577, 2762, 2959, 1968, 147, 69844, 73017, 858, 1246];0.008293838862559242;0.9917061611374408;0.07527442646757336;0.6886667465760248
1;61013;[4226, 1221, 2918, 68358, 112552, 2959, 1968, 59315, 69844, 91542, 73017, 858, 1246, 58559];0.06542056074766354;0.9345794392523364;0.21468516188136888;0.607301622275976
1;28865;[4226, 33794, 1221, 112552, 99114, 110, 4878, 2959, 59315, 69844, 73017, 858, 1246, 58559];0.056451612903225805;0.9435483870967742;0.19425705141100091;0.6268242236689415
1;225723;[4226, 33794, 1221, 68358, 2762, 110, 4878, 2959, 59315, 69844, 73017, 858, 1246, 58559];0.011111111111111112;0.9888888888888889;0.08702995556289712;0.6564738071964896
1;226201;[4226, 33794, 2762, 81834, 99114, 91500, 110, 4878, 2959, 59315, 69844, 91542, 73017, 98809, 58559];0.03826530612244898;0.9617346938775511;0.1224350838244885;-0.6645245177015311
1;259742;[33794, 2918, 54503, 68358, 2762, 81834, 91500, 4878, 2959, 1968, 59315, 96821, 69844, 91542, 73017, 98809, 58559];0.03063063063063063;0.9693693693693693;0.17510651822412668;0.629358487595113
1;243381;[4226, 33794, 68358, 112552, 2762, 91500, 110, 4878, 2959, 96821, 98809, 858, 1246, 58559];0.026615969581749048;0.973384030418251;0.10139961151526425;-0.6228078714337908
1;210628;[4226, 33794, 1221, 2918, 2762, 110, 4878, 2959, 1968, 59315, 73017, 858, 1246, 58559];0.018867924528301886;0.9811320754716981;0.0968744073821113;0.6710303641931429
1;227233;[4226, 33794, 1221, 2918, 68358, 112552, 2762, 81834, 4878, 2959, 1968, 59315, 69844, 73017, 858, 1246, 58559];0.021794871794871794;0.9782051282051282;0.14515184061659633;0.6040009933322787
1;194604;[4226, 33794, 1221, 54503, 68358, 112552, 2762, 81834, 4878, 2959, 59315, 96821, 69844, 91542, 858, 1246, 58559];0.056291390728476824;0.9437086092715232;0.21848749271198373;0.6709009896400453
1;260388;[4226, 33794, 1221, 68358, 112552, 2762, 81834, 99114, 4878, 2959, 59315, 96821, 69844, 91542, 73017, 858, 58559];0.032196969696969696;0.9678030303030303;0.1663812249770563;0.6173667085808551
1;80641;[4226, 33794, 1221, 2918, 112552, 2762, 81834, 4878, 2959, 1968, 69844, 858, 1246, 58559];0.03255813953488372;0.9674418604651163;0.13724156465690684;0.6407256310392454
