userIdA;userIdB;intersection;similarity;distanceJ;distanceCos;pearsonCorrelation
1;6785;[4226, 33794, 2918, 68358, 2762, 81834, 99114, 91500, 110, 4878, 2959, 59315, 69844, 91542, 73017, 858, 1246, 58559];0.0;0.0;0.0;0.6631991334452148
1;215680;[4226, 33794, 2918, 68358, 2762, 99114, 2959, 1968, 59315, 91542, 73017, 98809, 858, 1246, 58559];0.0;0.0;0.0;0.6670256086802215
1;90114;[4226, 33794, 1221, 54503, 68358, 112552, 81834, 91500, 2959, 59315, 69844, 91542, 73017, 98809, 858, 58559];0.0;0.0;0.0;0.6708114258610417
1;48004;[4226, 33794, 1221, 2918, 54503, 68358, 2762, 99114, 110, 2959, 59315, 91542, 73017, 858, 58559];0.0;0.0;0.0;0.7612727433816102
1;147844;[4226, 1221, 2918, 68358, 2762, 81834, 99114, 91500, 2959, 1968, 69844, 91542, 858, 1246, 58559];0.0;0.0;0.0;0.7177840251450412
1;198277;[4226, 1221, 2918, 54503, 5577, 112552, 110, 4878, 2959, 1968, 73017, 858, 1246, 58559];0.0;0.0;0.0;0.6892247575195102
1;210693;[4226, 1221, 2918, 68358, 2762, 110, 4878, 2959, 59315, 69844, 73017, 858, 1246, 58559];0.0;0.0;0.0;-0.6824586246459041
1;131845;[4226, 33794, 1221, 54503, 2762, 99114, 91500, 110, 2959, 59315, 91542, 73017, 858, 58559];0.0;0.0;0.0;0.7751399816134614
1;149002;[33794, 54503, 68358, 2762, 81834, 91500, 4878, 2959, 59315, 69844, 91542, 73017, 98809, 58559];0.0;0.0;0.0;0.7346686630668241
1;32136;[2918, 68358, 2762, 81834, 99114, 91500, 110, 1968, 59315, 69844, 91542, 73017, 98809, 858];0.0;0.0;0.0;-0.7892573234722203
1;34699;[4226, 33794, 1221, 2918, 54503, 68358, 2762, 81834, 99114, 91500, 110, 4878, 2959, 1968, 59315, 69844, 91542, 73017, 98809, 858, 1246, 58559];0.0;0.0;0.0;0.6829517029848754
1;200717;[4226, 33794, 1221, 112552, 2762, 81834, 99114, 91500, 110, 4878, 2959, 59315, 858, 58559];0.0;0.0;0.0;0.772836260548938
1;219411;[4226, 33794, 68358, 112552, 2762, 99114, 110, 4878, 2959, 1968, 59315, 96821, 1246, 58559];0.0;0.0;0.0;0.6779070989128894
1;157203;[4226, 33794, 1221, 2918, 54503, 68358, 112552, 2762, 99114, 110, 4878, 2959, 1968, 59315, 73017, 858, 1246, 58559];0.0;0.0;0.0;0.6734682204171127
1;240145;[4226, 33794, 1221, 2918, 54503, 68358, 2762, 110, 4878, 2959, 1968, 69844, 858, 58559];0.0;0.0;0.0;0.7336844782851377
1;151569;[4226, 33794, 1221, 68358, 2762, 81834, 99114, 91500, 110, 4878, 2959, 59315, 69844, 91542, 73017, 98809, 858, 1246, 58559];0.0;0.0;0.0;0.6523188988347356
1;62611;[4226, 33794, 1221, 68358, 2762, 81834, 99114, 91500, 110, 2959, 59315, 69844, 73017, 858, 58559];0.0;0.0;0.0;0.673748625600994
1;103833;[4226, 33794, 1221, 2918, 68358, 2762, 110, 4878, 2959, 1968, 59315, 858, 1246, 58559];0.0;0.0;0.0;-0.6529771537419178
1;259742;[33794, 2918, 54503, 68358, 2762, 81834, 91500, 4878, 2959, 1968, 59315, 96821, 69844, 91542, 73017, 98809, 58559];0.0;0.0;0.0;0.8929481235623489
1;21408;[33794, 2918, 68358, 2762, 81834, 110, 4878, 2959, 1968, 96821, 69844, 91542, 73017, 98809, 858, 1246, 58559];0.0;0.0;0.0;0.6905866485057611
1;101419;[2918, 2762, 81834, 91500, 110, 4878, 2959, 1968, 59315, 96821, 69844, 91542, 98809, 58559];0.0;0.0;0.0;0.6893900320047917
1;189096;[33794, 54503, 68358, 81834, 99114, 91500, 2959, 59315, 96821, 69844, 91542, 73017, 98809, 58559];0.0;0.0;0.0;0.7875957603500807
1;205869;[4226, 33794, 1221, 2918, 54503, 2762, 91500, 110, 4878, 2959, 1968, 59315, 73017, 858, 1246, 58559];0.0;0.0;0.0;0.7100361978727963
1;23343;[4226, 33794, 1221, 54503, 68358, 112552, 2762, 99114, 91500, 4878, 2959, 59315, 858, 58559];0.0;0.0;0.0;0.6983441347037463
1;128561;[4226, 33794, 2918, 54503, 68358, 112552, 99114, 91500, 4878, 2959, 1968, 59315, 96821, 91542, 73017, 98809, 58559];0.0;0.0;0.0;0.7336008987280291
1;58673;[4226, 33794, 2918, 112552, 2762, 99114, 4878, 2959, 1968, 59315, 98809, 858, 1246, 58559];0.0;0.0;0.0;0.6584599193702291
1;18610;[4226, 33794, 68358, 2762, 110, 4878, 2959, 1968, 59315, 91542, 73017, 858, 1246, 58559];0.0;0.0;0.0;0.8565913356882666
1;253744;[4226, 33794, 1221, 68358, 99114, 110, 4878, 2959, 59315, 91542, 73017, 98809, 858, 58559];0.0;0.0;0.0;0.8592060711011474
1;143926;[33794, 2918, 54503, 68358, 2762, 110, 2959, 1968, 59315, 69844, 73017, 858, 1246, 58559];0.0;0.0;0.0;0.7696425361701572
1;204852;[33794, 2918, 68358, 2762, 81834, 91500, 110, 4878, 59315, 96821, 69844, 73017, 98809, 58559];0.0;0.0;0.0;0.680556821762859
1;225723;[4226, 33794, 1221, 68358, 2762, 110, 4878, 2959, 59315, 69844, 73017, 858, 1246, 58559];0.0;0.0;0.0;0.787625660187776
1;234682;[4226, 33794, 1221, 68358, 112552, 81834, 99114, 110, 4878, 2959, 59315, 69844, 98809, 858, 58559];0.0;0.0;0.0;0.7490776012601469
1;164025;[4226, 33794, 1221, 2762, 81834, 91500, 110, 2959, 59315, 69844, 91542, 73017, 98809, 858, 58559];0.0;0.0;0.0;-0.6521768359894782
1;141241;[4226, 33794, 1221, 2918, 5577, 2762, 81834, 110, 4878, 2959, 1968, 69844, 73017, 858];0.0;0.0;0.0;0.8699019731802858
1;96701;[4226, 33794, 1221, 2918, 112552, 2762, 99114, 110, 4878, 2959, 1968, 96821, 858, 1246, 58559];0.0;0.0;0.0;0.8478561947639167
1;188223;[4226, 33794, 2918, 54503, 68358, 81834, 99114, 4878, 2959, 59315, 69844, 91542, 73017, 98809, 858, 58559];0.0;0.0;0.0;0.7696502282805762
1;177213;[4226, 33794, 2762, 81834, 99114, 91500, 4878, 2959, 59315, 96821, 69844, 91542, 73017, 98809, 58559];0.0;0.0;0.0;0.8732759489948241
1;160194;[4226, 33794, 2918, 54503, 68358, 2762, 81834, 99114, 91500, 110, 2959, 59315, 69844, 91542, 73017, 98809, 58559];0.0;0.0;0.0;0.6729125807960288
1;28865;[4226, 33794, 1221, 112552, 99114, 110, 4878, 2959, 59315, 69844, 73017, 858, 1246, 58559];0.0;0.0;0.0;0.6615530254260816
1;74306;[4226, 33794, 1221, 68358, 2762, 99114, 110, 4878, 2959, 1968, 98809, 858, 1246, 58559];0.0;0.0;0.0;0.6787139029534819
1;173764;[4226, 33794, 2918, 68358, 2762, 91500, 4878, 2959, 1968, 59315, 91542, 73017, 98809, 858, 1246, 58559];0.0;0.0;0.0;0.7621588526004351
1;210628;[4226, 33794, 1221, 2918, 2762, 110, 4878, 2959, 1968, 59315, 73017, 858, 1246, 58559];0.0;0.0;0.0;0.7995229604561989
1;250059;[4226, 33794, 1221, 2918, 54503, 68358, 112552, 2762, 81834, 99114, 91500, 110, 4878, 2959, 1968, 59315, 96821, 98809, 858, 1246, 58559];0.0;0.0;0.0;0.7691179444734209
1;186059;[4226, 33794, 1221, 2918, 54503, 68358, 5577, 2762, 110, 4878, 2959, 1968, 147, 59315, 69844, 858, 1246, 58559];0.0;0.0;0.0;0.6745604263556253
1;22603;[33794, 2918, 68358, 112552, 2762, 81834, 99114, 91500, 110, 1968, 59315, 73017, 98809, 858, 58559];0.0;0.0;0.0;0.6653014932212358
1;50511;[4226, 1221, 54503, 112552, 2762, 99114, 91500, 4878, 2959, 91542, 73017, 98809, 858, 58559];0.0;0.0;0.0;0.7497633696107691
1;110545;[4226, 33794, 1221, 54503, 2762, 81834, 110, 4878, 2959, 59315, 69844, 858, 1246, 58559];0.0;0.0;0.0;0.7335018463056364
1;127696;[4226, 1221, 68358, 112552, 2762, 81834, 99114, 91500, 110, 2959, 1968, 59315, 69844, 73017, 858, 1246, 58559];0.0;0.0;0.0;0.6850377365258952
1;98519;[4226, 1221, 68358, 2762, 81834, 99114, 91500, 110, 4878, 2959, 59315, 69844, 98809, 858, 1246];0.0;0.0;0.0;-0.6737134483814259
1;133845;[33794, 1221, 68358, 2762, 81834, 99114, 91500, 110, 4878, 2959, 59315, 69844, 73017, 858, 58559];0.0;0.0;0.0;0.699089878698207
1;21464;[4226, 33794, 112552, 2762, 99114, 91500, 110, 4878, 2959, 1968, 59315, 96821, 858, 58559];0.0;0.0;0.0;0.7228963189755846
1;79448;[4226, 33794, 1221, 68358, 2762, 81834, 99114, 91500, 110, 4878, 2959, 1968, 59315, 91542, 73017, 98809, 858, 58559];0.0;0.0;0.0;0.672592709134549
1;30555;[4226, 33794, 1221, 68358, 112552, 2762, 99114, 110, 2959, 59315, 91542, 73017, 858, 58559];0.0;0.0;0.0;-0.6615474897885238
1;98141;[4226, 33794, 1221, 68358, 2762, 81834, 110, 4878, 1968, 59315, 69844, 91542, 73017, 98809, 58559];0.0;0.0;0.0;-0.7410333824994743
1;19293;[33794, 112552, 2762, 81834, 99114, 91500, 2959, 1968, 59315, 96821, 69844, 91542, 73017, 58559];0.0;0.0;0.0;0.6538662661234698
1;268249;[4226, 68358, 112552, 2762, 99114, 91500, 110, 2959, 59315, 96821, 73017, 858, 1246, 58559];0.0;0.0;0.0;0.6830267556125044
1;116190;[4226, 33794, 2918, 54503, 112552, 2762, 81834, 99114, 2959, 59315, 96821, 69844, 91542, 73017, 98809, 858, 58559];0.0;0.0;0.0;0.6540043755293201
1;66016;[4226, 33794, 1221, 68358, 112552, 81834, 91500, 110, 59315, 69844, 91542, 73017, 98809, 858, 1246, 58559];0.0;0.0;0.0;0.6956747815067753
1;153312;[4226, 33794, 2918, 54503, 112552, 2762, 99114, 91500, 4878, 2959, 1968, 73017, 98809, 58559];0.0;0.0;0.0;0.685442193442571
1;157537;[33794, 1221, 2918, 68358, 81834, 99114, 91500, 4878, 2959, 1968, 59315, 69844, 73017, 858, 58559];0.0;0.0;0.0;0.7032436432656276
1;265314;[33794, 1221, 68358, 81834, 99114, 91500, 110, 2959, 59315, 69844, 91542, 73017, 98809, 858, 58559];0.0;0.0;0.0;0.8147832094697428
1;89959;[2918, 54503, 68358, 112552, 2762, 81834, 91500, 110, 4878, 1968, 96821, 69844, 98809, 1246, 58559];0.0;0.0;0.0;0.6731802397572589
1;124007;[4226, 33794, 112552, 81834, 99114, 91500, 4878, 2959, 59315, 96821, 69844, 91542, 73017, 98809, 58559];0.0;0.0;0.0;0.6907069843271142
1;120553;[33794, 1221, 2762, 81834, 99114, 91500, 110, 2959, 59315, 69844, 91542, 73017, 858, 58559];0.0;0.0;0.0;0.7917828184299234
1;114153;[4226, 33794, 1221, 54503, 68358, 2762, 99114, 110, 4878, 2959, 59315, 96821, 91542, 73017, 98809, 858, 58559];0.0;0.0;0.0;0.8189217712010111
1;196970;[4226, 33794, 68358, 112552, 2762, 99114, 110, 4878, 2959, 59315, 73017, 98809, 1246, 58559];0.0;0.0;0.0;0.6546890182240374
1;203119;[4226, 33794, 1221, 2918, 68358, 2762, 91500, 110, 4878, 2959, 59315, 858, 1246, 58559];0.0;0.0;0.0;0.7301138966593375
1;206701;[4226, 33794, 1221, 2918, 54503, 2762, 99114, 110, 4878, 2959, 96821, 91542, 858, 58559];0.0;0.0;0.0;-0.6627907585239489
1;104174;[4226, 33794, 1221, 2918, 68358, 112552, 2762, 99114, 110, 2959, 59315, 91542, 73017, 858, 58559];0.0;0.0;0.0;-0.744652373747881
1;172278;[4226, 33794, 1221, 112552, 2762, 81834, 99114, 110, 4878, 2959, 59315, 96821, 69844, 98809, 858, 58559];0.0;0.0;0.0;0.8576927248731868
1;128628;[33794, 2918, 81834, 91500, 4878, 2959, 1968, 59315, 69844, 91542, 73017, 98809, 1246, 58559];0.0;0.0;0.0;0.6790169755093279
1;208250;[33794, 1221, 2918, 68358, 81834, 99114, 91500, 2959, 59315, 69844, 91542, 73017, 98809, 858, 58559];0.0;0.0;0.0;0.6583221845431846
1;216568;[4226, 33794, 2918, 54503, 68358, 112552, 2762, 99114, 110, 4878, 2959, 1968, 59315, 96821, 91542, 73017, 1246, 58559];0.0;0.0;0.0;0.7099238806867619
1;254204;[4226, 33794, 1221, 68358, 81834, 99114, 91500, 110, 69844, 92439, 91542, 73017, 98809, 858, 58559];0.0;0.0;0.0;-0.6777269837287411
