userIdA;userIdB;intersection;similarity;distanceJ;distanceCos;pearsonCorrelation
2;221214;[32, 1552, 786, 260, 788, 648, 377, 1210, 780, 1356, 141, 605];0.00844475721323012;0.9915552427867699;0.06552203716980483;0.7825274136709538
2;8279;[32, 1552, 1233, 786, 260, 788, 648, 377, 762, 1210, 780, 1356];0.008202323991797676;0.9917976760082023;0.0638779864765267;0.6638045572627674
2;32876;[32, 260, 648, 780, 1356, 141, 1552, 1233, 786, 788, 377, 58, 1210];0.018207282913165267;0.9817927170868347;0.0963772155287362;0.7434160064708809
2;8332;[1552, 339, 260, 628, 788, 5, 648, 377, 1210, 780, 1356, 141];0.0332409972299169;0.9667590027700831;0.12184440421956665;0.6409339951577985
2;229633;[32, 1552, 1233, 260, 788, 648, 25, 377, 1210, 780, 1356, 605];0.010178117048346057;0.989821882951654;0.08281739456261313;0.7680002627653644
2;237864;[32, 260, 5, 648, 780, 141, 1552, 786, 339, 788, 377, 1210, 605];0.007441327990841442;0.9925586720091586;0.06647493724201167;0.6130782699580727
2;74035;[32, 260, 648, 780, 141, 1552, 1233, 786, 339, 628, 788, 25, 377, 1210];0.014629049111807733;0.9853709508881923;0.08221010416464386;0.6305588139498306
2;180619;[32, 260, 648, 780, 1356, 1552, 1233, 786, 628, 788, 25, 377, 1210];0.00737379466817924;0.9926262053318208;0.0630832759453627;0.6046782204837385
2;270750;[786, 339, 260, 628, 788, 648, 377, 1210, 780, 141, 605, 79];0.03333333333333333;0.9666666666666667;0.14516348807391044;0.6134389078692651
2;90565;[32, 64, 1552, 1233, 260, 788, 5, 648, 762, 780, 1356, 141];0.1;0.9;0.16957904124319534;-0.7014740169913873
2;213469;[32, 786, 260, 788, 5, 648, 762, 1210, 780, 1356, 141, 79];0.2033898305084746;0.7966101694915254;0.36650520912835144;0.6375903790809625
2;148099;[1233, 339, 260, 788, 5, 648, 377, 1210, 780, 1356, 141, 605];0.02142857142857143;0.9785714285714285;0.12246829285227843;0.7611799791123754
2;262802;[32, 1552, 260, 628, 788, 5, 648, 25, 1210, 780, 1356, 141];0.09448818897637795;0.905511811023622;0.24035306222752484;0.662996297849635
2;115478;[32, 64, 339, 260, 628, 5, 648, 1210, 780, 1356, 141, 605];0.18181818181818182;0.8181818181818181;0.3684593362110211;0.6152801177255398
2;205594;[32, 1475, 260, 648, 780, 1356, 786, 339, 628, 788, 377, 762, 1210];0.020833333333333332;0.9791666666666666;0.12490485642204605;0.6399724860423228
2;9040;[260, 5, 648, 780, 1356, 141, 1552, 1233, 788, 25, 377, 58, 1210];0.0049770290964777945;0.9950229709035222;0.04679720892604843;0.6267899066964572
2;74587;[32, 260, 648, 780, 1356, 141, 1552, 1233, 786, 788, 25, 377, 762, 1210];0.021505376344086023;0.978494623655914;0.11195135420687091;0.6015700065410051
2;66508;[260, 5, 648, 780, 141, 1552, 339, 628, 788, 25, 377, 762, 605];0.007226236798221234;0.9927737632017788;0.06531502240914654;0.6214784515439616
2;25995;[32, 1552, 1233, 339, 260, 5, 648, 377, 1210, 780, 1356, 141];0.023529411764705882;0.9764705882352941;0.1160774745355974;0.6200022107718516
2;173641;[32, 1552, 786, 260, 788, 5, 648, 377, 1210, 780, 1356, 141];0.011194029850746268;0.9888059701492538;0.07808442349646937;0.601264692897659
2;206451;[32, 339, 260, 788, 5, 648, 377, 762, 1210, 780, 1356, 141];0.020512820512820513;0.9794871794871794;0.10976132380434835;0.6093310902088233
2;83853;[64, 260, 5, 648, 780, 1356, 141, 79, 786, 628, 788, 25, 58, 1210];0.12612612612612611;0.8738738738738738;0.2815486643760453;0.6772518071184448
2;247846;[32, 1552, 786, 339, 260, 788, 648, 377, 1210, 780, 1356, 141];0.01875;0.98125;0.10068666215322052;0.6050027825512156
2;247850;[64, 260, 5, 648, 780, 1356, 141, 79, 1552, 786, 339, 628, 788, 25, 377, 1210, 605];0.03153988868274583;0.9684601113172542;0.15771982936026974;0.6169802516145675
2;231502;[32, 260, 648, 780, 1356, 79, 1552, 1233, 786, 788, 377, 762, 1210];0.010647010647010647;0.9893529893529893;0.07030114844834147;0.6387116046178427
2;92372;[32, 260, 5, 648, 780, 1356, 141, 79, 339, 788, 377, 58, 1210];0.040498442367601244;0.9595015576323987;0.1826180883803821;0.6809564697176258
2;174362;[32, 1552, 786, 260, 5, 648, 377, 762, 1210, 780, 1356, 141];0.013114754098360656;0.9868852459016394;0.07827477705789292;0.6087681862700799
2;174414;[32, 260, 648, 780, 141, 1552, 1233, 786, 339, 628, 788, 25, 377, 58, 1210];0.004340277777777778;0.9956597222222222;0.05334088544245759;0.7109545934949687
2;109009;[32, 260, 648, 780, 1356, 141, 1552, 786, 339, 628, 25, 377, 1210];0.02480916030534351;0.9751908396946565;0.11340537582413852;0.6263513877957988
2;223908;[32, 260, 5, 648, 780, 1356, 141, 1552, 1233, 786, 788, 25, 377, 762, 1210];0.022091310751104567;0.9779086892488954;0.10784120836746251;0.7186994798171252
2;35569;[32, 260, 5, 648, 780, 1356, 141, 1552, 339, 788, 25, 377, 1210];0.016666666666666666;0.9833333333333333;0.10336300924560823;0.6987030862399699
2;68367;[64, 260, 5, 648, 780, 1356, 141, 1552, 1233, 339, 788, 25, 377, 1210, 605];0.014985014985014986;0.985014985014985;0.09883549624857503;0.6081298593636193
2;44180;[32, 260, 628, 788, 648, 377, 1210, 780, 1356, 141, 605, 79];0.01056338028169014;0.9894366197183099;0.06885663864477354;-0.6981825835945789
2;101534;[32, 786, 260, 628, 788, 5, 648, 25, 762, 780, 141, 79];0.2553191489361702;0.7446808510638299;0.2866074383487935;-0.650668345781271
2;109913;[32, 1233, 339, 260, 788, 648, 25, 377, 1210, 780, 1356, 141];0.0297029702970297;0.9702970297029703;0.13422153555573452;0.65444803837415
2;249178;[32, 1233, 339, 260, 628, 648, 25, 377, 1210, 780, 1356, 79];0.02030456852791878;0.9796954314720813;0.11331394263004196;0.6855674491849473
2;159087;[32, 1552, 339, 260, 788, 25, 377, 762, 1210, 780, 1356, 141];0.013422818791946308;0.9865771812080537;0.0695490832800688;0.7725772181357324
2;233072;[32, 260, 648, 780, 1356, 141, 1233, 786, 339, 628, 25, 377, 1210];0.025;0.975;0.12810359862375215;0.6226053026858126
2;69236;[32, 1475, 260, 5, 648, 780, 1356, 141, 1552, 786, 339, 628, 788, 377, 762, 1210];0.024691358024691357;0.9753086419753086;0.11860041399558699;0.7085455552306843
2;175794;[32, 260, 5, 648, 780, 1356, 1552, 1233, 786, 628, 788, 25, 377, 1210];0.008888888888888889;0.9911111111111112;0.06071414630378767;0.7032422103694868
2;249562;[32, 1552, 339, 260, 628, 5, 25, 377, 58, 1210, 780, 141];0.01643835616438356;0.9835616438356164;0.09766625038430901;0.7073392773392544
2;110540;[32, 1233, 260, 628, 788, 648, 25, 377, 58, 1210, 780, 1356];0.01279317697228145;0.9872068230277186;0.08706766050589743;0.6449774430465988
2;167946;[32, 1552, 1233, 339, 1475, 260, 788, 648, 377, 58, 1210, 780];0.041237113402061855;0.9587628865979382;0.13277245410241983;0.6475065092718799
2;225467;[32, 260, 5, 648, 780, 1356, 141, 1552, 786, 788, 25, 377, 1210];0.03880597014925373;0.9611940298507463;0.11963777144650613;0.6697854025076903
2;176406;[32, 64, 260, 5, 648, 780, 141, 79, 339, 25, 377, 58, 1210];0.0436241610738255;0.9563758389261745;0.1744440070924965;-0.6358276524820207
2;119169;[32, 1552, 1233, 260, 788, 648, 377, 762, 1210, 780, 1356, 141];0.030534351145038167;0.9694656488549618;0.11292205344885337;0.6459194586573273
2;62301;[32, 1552, 1233, 786, 260, 628, 788, 648, 377, 762, 1210, 780];0.024;0.976;0.09569884600729214;0.6573380760877121
2;46050;[1552, 786, 339, 628, 788, 5, 648, 25, 377, 780, 141, 79];0.015424164524421594;0.9845758354755784;0.08120534856341013;0.6948241682853149
2;210061;[32, 260, 648, 780, 1552, 1233, 786, 788, 25, 377, 58, 762, 1210];0.03299492385786802;0.9670050761421319;0.10213854753520622;0.6347248830637523
2;210290;[32, 786, 339, 260, 628, 788, 648, 25, 377, 1210, 780, 141];0.016666666666666666;0.9833333333333333;0.07704169440453795;0.616963843890651
2;38271;[32, 786, 339, 260, 788, 648, 25, 377, 1210, 780, 1356, 141];0.03636363636363636;0.9636363636363636;0.12637595288893697;0.6001163846119748
2;79439;[32, 260, 5, 648, 780, 1356, 141, 79, 786, 628, 788, 58, 762];0.11607142857142858;0.8839285714285714;0.21511189126190505;-0.6071798209263679
2;55014;[32, 64, 1233, 1475, 260, 628, 648, 25, 377, 780, 141, 605];0.0502092050209205;0.9497907949790795;0.1563207175907488;0.6315240569525283
2;153394;[32, 260, 648, 780, 1356, 141, 1552, 1233, 786, 788, 25, 377, 762, 1210];0.008022922636103151;0.9919770773638968;0.0616267636787755;0.6459265329606354
2;145375;[32, 64, 648, 780, 1356, 79, 786, 339, 788, 25, 377, 1210, 605];0.03611111111111111;0.9638888888888889;0.11034846742087666;-0.6232985481002961
2;88039;[260, 5, 648, 780, 1356, 79, 1552, 786, 339, 628, 788, 377, 762, 1210, 605];0.02094972067039106;0.979050279329609;0.12087452372878134;0.6284188443978582
2;260152;[32, 260, 648, 780, 141, 1552, 1233, 786, 788, 25, 377, 58, 762, 1210];0.006825938566552901;0.9931740614334471;0.054473432023028685;0.6275417345862568
2;63767;[32, 786, 260, 788, 5, 648, 25, 762, 1210, 780, 1356, 141];0.3;0.7;0.3605618072031876;-0.6166282159097036
2;112959;[32, 260, 5, 648, 780, 1356, 141, 79, 786, 628, 788, 25, 762];0.325;0.675;0.4382485049354932;0.6390818465644835
2;39278;[32, 260, 5, 648, 780, 1356, 79, 1552, 1233, 339, 788, 25, 377, 1210];0.016184971098265895;0.9838150289017341;0.11444395051814282;0.6740511134182525
2;137664;[32, 1552, 1233, 339, 260, 788, 648, 25, 377, 58, 1210, 780];0.009223674096848577;0.9907763259031515;0.0633943063021662;0.6166636167412348
2;104995;[32, 64, 5, 648, 780, 141, 79, 786, 339, 788, 25, 377, 58];0.01951951951951952;0.9804804804804805;0.14733525880115864;0.6508833109806113
2;236332;[32, 260, 5, 648, 780, 1356, 141, 1233, 339, 788, 377, 762, 1210, 605];0.023972602739726026;0.976027397260274;0.13449287897974285;0.6479370654694333
2;7019;[32, 786, 260, 788, 5, 648, 25, 762, 1210, 780, 1356, 79];0.2857142857142857;0.7142857142857143;0.4111052062875196;0.600153302168283
2;113647;[32, 260, 5, 648, 780, 79, 1552, 1233, 786, 628, 788, 377, 1210];0.017379679144385027;0.982620320855615;0.09163440579653605;0.6345096017338961
2;89097;[260, 5, 648, 780, 1356, 1233, 786, 339, 628, 377, 762, 1210, 605];0.015719467956469165;0.9842805320435308;0.10156973328610773;0.6098923556470096
2;138285;[32, 260, 5, 648, 780, 1356, 141, 786, 339, 628, 25, 377, 1210];0.013555787278415016;0.986444212721585;0.09492653635157819;0.7094139841548516
2;56368;[32, 260, 5, 648, 780, 1356, 1552, 786, 339, 628, 788, 377, 1210];0.01425438596491228;0.9857456140350878;0.0877682996714313;0.7289084727474743
2;245106;[1233, 786, 260, 788, 5, 648, 25, 377, 1210, 780, 1356, 141];0.0189873417721519;0.9810126582278481;0.09910431660018643;0.7279305479375714
2;163251;[32, 64, 260, 5, 648, 780, 1356, 141, 79, 786, 339, 788, 1210];0.07386363636363637;0.9261363636363636;0.1702879727114926;0.6285275369401921
2;105944;[32, 1552, 1233, 786, 260, 788, 648, 377, 762, 1210, 780, 1356];0.02536997885835095;0.9746300211416491;0.09549501626043924;0.7163628422071256
2;122562;[32, 1552, 1233, 339, 260, 25, 377, 58, 1210, 780, 1356, 141];0.014705882352941176;0.9852941176470589;0.09234709679211378;0.6895433411326802
2;253690;[32, 260, 5, 648, 780, 1356, 141, 786, 339, 628, 788, 25, 377, 1210];0.020319303338171262;0.9796806966618288;0.11293950783586292;0.6537308937800246
2;73634;[1475, 260, 648, 780, 1356, 1552, 1233, 786, 788, 25, 377, 58, 1210];0.012896825396825396;0.9871031746031746;0.08118637674647114;0.6201096487120913
